5 10
0 1
0 4
0 3
0 2
1 2
1 3
1 4
2 3
2 4
3 4


6 12
0 1
0 2
0 5
0 4
1 2
1 3
1 5
2 3
2 4
3 4
3 5
4 5


7 14
1 3
1 4
1 5
1 6
3 0
3 2
3 5
4 6
4 0
4 2
6 5
6 0
5 2
0 2


8 24
4 7
4 0
4 1
4 6
4 3
4 2
7 0
7 6
7 2
7 5
7 1
1 3
1 6
1 5
1 0
3 0
3 6
3 2
3 5
5 6
5 2
5 0
6 2
0 2


9 27
4 7
4 8
4 0
4 5
4 3
4 2
7 0
7 3
7 6
7 8
7 1
1 3
1 6
1 2
1 5
1 0
3 6
3 2
3 8
8 2
8 5
8 0
5 6
5 2
5 0
6 2
6 0


10 30
5 9
5 6
5 2
5 8
5 3
5 7
9 8
9 4
9 3
9 1
9 0
4 7
4 8
4 0
4 6
4 3
7 3
7 6
7 2
7 1
1 3
1 2
1 0
1 8
3 2
8 0
8 6
6 2
6 0
2 0


11 33
5 9
5 2
5 8
5 4
5 10
5 7
9 6
9 4
9 2
9 3
9 0
6 1
6 7
6 10
6 3
6 2
1 3
1 2
1 4
1 0
1 8
3 7
3 10
3 8
4 8
4 0
4 2
8 10
8 0
0 7
0 10
7 10
7 2


12 48
6 9
6 5
6 1
6 7
6 10
6 3
6 11
6 0
9 4
9 2
9 11
9 10
9 3
9 1
9 0
4 7
4 8
4 10
4 5
4 1
4 11
4 3
7 0
7 11
7 3
7 2
7 5
7 1
8 2
8 5
8 10
8 11
8 0
8 3
8 1
5 2
5 11
5 3
5 10
2 1
2 10
2 11
2 0
0 3
0 11
0 1
1 10
3 10


13 52
5 9
5 6
5 2
5 8
5 12
5 4
5 0
5 10
9 8
9 4
9 2
9 10
9 3
9 0
9 12
4 7
4 8
4 12
4 10
4 11
4 2
7 0
7 3
7 6
7 10
7 2
7 1
7 8
1 3
1 6
1 11
1 2
1 10
1 0
1 8
3 11
3 10
3 6
3 2
3 12
10 11
10 0
11 6
11 8
11 12
11 2
8 0
8 12
6 2
6 12
6 0
0 12


14 56
5 9
5 6
5 13
5 8
5 12
5 11
5 10
5 7
9 6
9 8
9 2
9 10
9 3
9 7
9 13
4 7
4 12
4 13
4 3
4 10
4 1
4 11
4 2
7 12
7 3
7 6
7 1
7 8
1 3
1 6
1 11
1 10
1 0
1 8
3 11
3 0
3 13
3 12
6 10
6 2
6 8
6 0
12 13
12 0
12 11
12 8
0 2
0 10
0 11
0 13
2 8
2 13
2 10
2 11
8 10
13 11


15 60
5 9
5 6
5 2
5 12
5 1
5 11
5 0
5 14
9 6
9 2
9 11
9 10
9 13
9 0
9 12
6 1
6 10
6 2
6 12
6 4
6 8
1 3
1 14
1 10
1 13
1 4
1 12
3 11
3 7
3 13
3 2
3 12
3 8
3 4
8 13
8 2
8 14
8 0
8 7
8 12
13 4
13 2
13 11
13 10
10 11
10 0
10 7
10 14
11 7
11 0
11 4
4 7
4 0
4 14
7 12
7 14
7 2
0 14
0 2
14 12


16 80
4 7
4 8
4 12
4 9
4 13
4 10
4 1
4 11
4 6
4 15
7 12
7 0
7 3
7 11
7 6
7 2
7 13
7 5
7 8
1 3
1 15
1 6
1 2
1 14
1 10
1 9
1 0
1 12
3 11
3 0
3 10
3 6
3 13
3 9
3 2
3 5
10 11
10 6
10 13
10 9
10 2
10 5
10 14
11 9
11 13
11 5
11 8
11 2
11 15
8 2
8 9
8 14
8 15
8 0
8 12
8 6
5 6
5 13
5 2
5 15
5 0
5 14
6 14
6 15
6 12
2 14
2 15
2 0
0 14
0 9
0 12
0 13
14 12
14 15
14 13
12 13
12 15
12 9
15 9
9 13


17 85
6 9
6 1
6 10
6 2
6 13
6 16
6 14
6 11
6 4
6 12
9 14
9 8
9 11
9 3
9 12
9 5
9 4
9 2
9 7
7 12
7 0
7 3
7 15
7 2
7 14
7 1
7 4
7 10
12 3
12 1
12 2
12 13
12 0
12 10
12 15
0 4
0 1
0 14
0 11
0 5
0 15
0 16
0 13
1 16
1 5
1 10
1 3
1 13
1 8
3 11
3 5
3 10
3 16
3 14
3 8
2 5
2 13
2 14
2 16
2 10
2 15
5 8
5 11
5 4
5 10
5 15
8 15
8 13
8 10
8 16
8 14
8 11
10 15
10 11
4 16
4 15
4 11
4 13
4 14
15 11
15 13
14 16
14 13
11 16
16 13


18 90
7 12
7 0
7 6
7 8
7 15
7 2
7 5
7 14
7 13
7 10
12 17
12 3
12 1
12 13
12 5
12 10
12 6
12 11
12 15
1 17
1 6
1 11
1 0
1 15
1 16
1 3
1 4
1 9
17 3
17 5
17 4
17 16
17 9
17 8
17 15
17 11
0 4
0 14
0 8
0 2
0 15
0 9
0 16
0 3
6 10
6 13
6 14
6 3
6 11
6 4
6 5
2 5
2 11
2 13
2 3
2 14
2 9
2 16
2 15
5 4
5 14
5 3
5 10
5 9
11 16
11 4
11 14
11 13
11 8
10 4
10 13
10 14
10 8
10 16
10 9
4 16
4 8
4 9
8 15
8 13
8 14
8 3
15 3
15 13
15 9
13 9
13 14
16 9
16 3
16 14


19 95
6 9
6 10
6 13
6 16
6 3
6 11
6 17
6 15
6 8
6 12
9 14
9 16
9 8
9 18
9 3
9 12
9 15
9 10
9 7
14 17
14 18
14 0
14 11
14 7
14 16
14 8
14 4
14 13
17 1
17 13
17 18
17 3
17 4
17 8
17 15
17 11
1 0
1 12
1 5
1 10
1 3
1 4
1 18
1 7
1 2
0 7
0 10
0 4
0 5
0 15
0 12
0 16
0 13
7 3
7 8
7 15
7 2
7 13
7 10
13 10
13 12
13 4
13 11
13 18
10 18
10 15
10 3
10 2
3 11
3 15
3 16
3 2
2 5
2 18
2 12
2 4
2 16
2 15
5 8
5 18
5 11
5 4
5 16
5 12
5 15
8 15
8 18
8 4
8 11
18 11
4 16
4 12
11 16
11 12
16 12


20 120
10 17
10 0
10 18
10 4
10 13
10 1
10 5
10 15
10 3
10 8
10 7
10 2
17 1
17 13
17 0
17 2
17 18
17 4
17 7
17 16
17 19
17 15
17 11
1 6
1 12
1 16
1 5
1 3
1 4
1 9
1 7
1 2
1 13
0 7
0 18
0 5
0 8
0 2
0 12
0 19
0 6
0 9
0 3
7 6
7 8
7 15
7 11
7 14
7 4
7 16
7 9
13 6
13 12
13 19
13 5
13 4
13 2
13 15
13 18
13 3
6 16
6 14
6 11
6 4
6 15
6 8
6 12
6 19
2 5
2 11
2 18
2 19
2 14
2 4
2 9
5 8
5 18
5 11
5 14
5 19
5 12
5 15
8 15
8 12
8 18
8 9
8 4
8 14
8 3
4 19
4 16
4 15
4 14
19 16
19 9
19 11
19 12
19 3
14 18
14 9
14 15
14 11
14 12
14 16
18 3
18 9
18 11
18 16
15 3
15 9
15 12
9 16
9 11
9 3
11 16
11 3
11 12
16 3
16 12
3 12


21 126
14 17
14 9
14 5
14 10
14 0
14 19
14 2
14 16
14 3
14 4
14 20
14 13
17 1
17 20
17 13
17 0
17 12
17 2
17 4
17 7
17 6
17 8
17 11
1 6
1 12
1 15
1 16
1 10
1 3
1 4
1 18
1 2
1 13
1 8
20 13
20 18
20 5
20 10
20 16
20 7
20 12
20 2
20 3
20 19
0 7
0 11
0 5
0 15
0 19
0 6
0 9
0 16
0 3
0 13
7 3
7 6
7 19
7 8
7 2
7 5
7 11
7 16
7 10
13 10
13 6
13 12
13 9
13 5
13 11
13 18
6 2
6 16
6 11
6 4
6 15
6 18
6 12
18 19
18 10
18 8
18 2
18 12
18 15
18 11
18 16
19 4
19 9
19 8
19 15
19 2
19 12
19 5
3 5
3 15
3 10
3 16
3 9
3 4
3 8
4 5
4 16
4 15
4 12
4 2
4 9
10 5
10 15
10 11
10 12
10 9
12 8
12 5
12 11
8 15
8 9
8 2
8 16
8 11
15 11
15 9
15 2
2 9
9 16
9 11
5 11
5 16


22 132
14 17
14 15
14 5
14 10
14 21
14 0
14 6
14 1
14 7
14 2
14 3
14 8
17 0
17 12
17 2
17 18
17 3
17 5
17 4
17 6
17 9
17 8
17 11
6 9
6 10
6 2
6 16
6 3
6 11
6 4
6 20
6 18
6 5
9 21
9 16
9 8
9 13
9 11
9 0
9 12
9 5
9 2
9 10
0 20
0 10
0 1
0 21
0 8
0 2
0 12
0 3
0 13
20 15
20 13
20 10
20 16
20 7
20 12
20 2
20 8
20 4
20 19
15 8
15 11
15 16
15 7
15 3
15 10
15 19
15 13
15 21
15 5
18 19
18 5
18 10
18 3
18 2
18 7
18 12
18 21
18 13
18 4
19 4
19 7
19 10
19 1
19 8
19 11
19 21
19 12
19 3
10 5
10 3
10 16
10 11
3 7
3 11
3 16
3 13
7 8
7 21
7 11
7 1
7 4
7 16
2 5
2 12
2 13
2 4
2 1
5 8
5 1
5 13
5 12
1 11
1 12
1 16
1 4
1 13
1 8
11 21
11 16
11 4
8 12
8 4
4 16
4 21
21 16
21 13
21 12
12 13
13 16


23 138
14 17
14 9
14 15
14 0
14 22
14 19
14 11
14 2
14 16
14 3
14 8
14 13
17 1
17 20
17 13
17 0
17 12
17 7
17 6
17 21
17 9
17 8
17 11
6 9
6 7
6 10
6 2
6 16
6 3
6 4
6 18
6 5
6 21
6 19
9 21
9 20
9 13
9 1
9 12
9 22
9 4
9 2
9 7
0 20
0 7
0 4
0 18
0 22
0 12
0 19
0 16
0 3
0 13
20 15
20 18
20 21
20 11
20 12
20 22
20 3
20 4
20 19
15 8
15 11
15 1
15 10
15 22
15 21
15 18
15 5
15 12
15 2
7 12
7 19
7 18
7 11
7 1
7 4
7 16
7 10
12 8
12 4
12 2
12 13
12 10
12 11
1 21
1 16
1 10
1 19
1 3
1 13
1 22
1 8
13 10
13 8
13 5
13 4
13 2
13 18
18 19
18 5
18 10
18 3
18 2
18 22
19 16
19 22
19 2
19 5
19 3
2 5
2 11
2 3
2 16
5 8
5 11
5 4
5 21
5 10
5 16
8 4
8 10
8 16
8 11
8 3
21 11
21 4
21 3
21 16
21 22
10 4
10 3
10 16
11 22
11 16
22 3
22 4


24 168
0 20
0 17
0 14
0 11
0 18
0 5
0 8
0 2
0 15
0 12
0 19
0 6
0 9
0 16
20 15
20 17
20 13
20 9
20 6
20 11
20 10
20 16
20 1
20 12
20 14
20 4
20 19
15 14
15 1
15 7
15 23
15 3
15 10
15 6
15 13
15 21
15 5
15 17
15 2
1 17
1 6
1 11
1 12
1 5
1 10
1 19
1 18
1 7
1 2
1 22
1 8
17 13
17 12
17 3
17 22
17 4
17 7
17 6
17 16
17 19
17 8
13 6
13 12
13 16
13 9
13 22
13 8
13 5
13 4
13 11
13 18
13 21
2 22
2 5
2 18
2 12
2 23
2 7
2 8
2 3
2 9
2 10
2 21
22 11
22 7
22 23
22 14
22 3
22 18
22 19
22 9
22 6
22 10
6 7
6 16
6 14
6 3
6 11
6 4
6 12
18 19
18 14
18 5
18 7
18 21
18 9
18 23
18 11
18 16
19 4
19 16
19 23
19 8
19 11
19 21
19 5
19 3
3 7
3 23
3 12
3 11
3 21
3 10
3 16
3 4
7 8
7 21
7 14
7 4
7 10
7 9
5 11
5 4
5 14
5 10
5 16
5 9
5 12
11 4
11 23
11 8
11 12
4 10
4 21
4 8
4 9
4 23
9 21
9 14
9 8
9 23
9 10
21 8
21 14
21 23
21 10
21 12
14 10
14 23
14 16
14 8
12 8
12 23
12 16
10 23
10 16
23 16
8 16


25 175
6 9
6 7
6 10
6 13
6 16
6 14
6 3
6 11
6 20
6 18
6 0
6 24
6 22
6 12
9 14
9 16
9 19
9 8
9 20
9 23
9 24
9 1
9 0
9 12
9 4
9 2
9 17
10 17
10 18
10 4
10 13
10 24
10 1
10 19
10 15
10 3
10 16
10 21
10 22
10 2
17 1
17 20
17 0
17 23
17 2
17 3
17 5
17 4
17 16
17 21
17 8
17 15
7 12
7 0
7 3
7 22
7 8
7 24
7 2
7 5
7 20
7 1
7 4
7 16
7 23
12 3
12 1
12 8
12 2
12 13
12 24
12 23
12 14
12 19
12 21
12 11
1 11
1 0
1 21
1 15
1 19
1 3
1 20
1 14
1 18
0 14
0 21
0 18
0 5
0 8
0 2
0 15
0 22
0 3
20 13
20 21
20 5
20 11
20 16
20 2
20 24
20 19
20 23
2 22
2 5
2 11
2 24
2 13
2 16
2 21
22 11
22 14
22 8
22 4
22 19
22 15
22 5
22 24
22 21
18 19
18 5
18 3
18 8
18 21
18 13
18 4
18 23
18 15
18 16
19 16
19 23
19 14
19 13
19 8
19 15
19 5
3 24
3 23
3 11
3 15
3 4
3 8
5 11
5 4
5 24
5 14
5 23
5 15
11 21
11 16
11 14
11 13
11 23
11 8
24 8
24 21
24 4
24 13
8 21
8 13
8 4
23 13
23 15
23 14
23 4
13 4
13 15
13 14
4 16
4 15
14 15
14 21
14 16
21 16
16 15


26 182
20 25
20 17
20 13
20 18
20 21
20 6
20 5
20 10
20 1
20 7
20 3
20 8
20 14
20 19
25 17
25 6
25 22
25 18
25 15
25 24
25 1
25 13
25 12
25 2
25 5
25 19
25 4
7 12
7 0
7 3
7 19
7 18
7 5
7 17
7 1
7 4
7 16
7 10
7 23
7 9
12 17
12 22
12 8
12 13
12 24
12 18
12 14
12 0
12 9
12 5
12 10
12 15
0 10
0 17
0 1
0 14
0 21
0 24
0 5
0 2
0 22
0 6
0 9
0 16
17 23
17 18
17 3
17 6
17 16
17 21
17 19
17 15
17 11
2 22
2 5
2 11
2 18
2 23
2 13
2 3
2 4
2 9
2 16
2 10
2 15
22 16
22 23
22 3
22 8
22 18
22 4
22 19
22 9
22 5
22 1
1 6
1 15
1 10
1 19
1 14
1 23
1 9
1 24
1 8
6 14
6 3
6 11
6 15
6 8
6 5
6 21
6 24
6 19
10 4
10 24
10 23
10 15
10 3
10 16
10 11
10 9
3 23
3 11
3 5
3 21
3 16
3 9
3 14
5 8
5 18
5 21
5 13
5 19
8 15
8 21
8 18
8 9
8 4
8 16
8 14
8 11
4 19
4 21
4 11
4 13
4 24
4 18
4 9
4 23
19 24
19 16
19 9
19 14
19 15
9 21
9 13
9 24
21 11
21 14
21 24
21 23
21 13
18 13
18 15
18 11
18 24
16 15
16 11
16 13
16 23
16 14
23 15
23 24
23 14
23 11
13 11
13 15
13 24
13 14
15 14
24 11
14 11


27 189
9 26
9 6
9 21
9 14
9 16
9 8
9 25
9 11
9 12
9 4
9 15
9 17
9 10
9 7
26 6
26 4
26 22
26 15
26 20
26 16
26 14
26 5
26 3
26 8
26 19
26 0
26 12
6 25
6 23
6 13
6 14
6 3
6 15
6 18
6 8
6 5
6 24
6 22
6 12
20 25
20 17
20 13
20 18
20 21
20 5
20 10
20 16
20 7
20 2
20 24
20 3
20 23
25 7
25 17
25 23
25 18
25 1
25 0
25 12
25 3
25 5
25 19
25 21
10 17
10 13
10 24
10 14
10 1
10 5
10 15
10 8
10 11
10 21
10 12
10 7
17 1
17 13
17 2
17 3
17 24
17 4
17 16
17 19
17 8
17 15
1 11
1 12
1 21
1 15
1 16
1 23
1 4
1 7
1 13
1 22
1 8
0 7
0 14
0 21
0 11
0 18
0 8
0 2
0 15
0 22
0 3
0 23
0 13
7 3
7 19
7 22
7 21
7 2
7 11
7 14
7 16
13 23
13 8
13 5
13 2
13 11
13 18
13 24
13 3
18 19
18 14
18 5
18 2
18 21
18 22
18 4
18 15
18 11
19 4
19 24
19 16
19 23
19 22
19 15
19 11
19 2
19 5
3 23
3 12
3 15
3 21
3 16
3 4
11 22
11 5
11 2
11 16
11 14
11 24
5 8
5 14
5 23
5 16
5 15
8 24
8 12
8 22
8 2
8 14
24 21
24 12
24 23
24 4
24 16
24 22
4 21
4 12
4 22
4 2
4 23
4 14
21 23
21 15
21 22
14 22
14 12
14 2
22 12
23 2
23 12
16 15
16 12
16 2
2 15


28 224
14 17
14 24
14 15
14 10
14 21
14 0
14 19
14 25
14 26
14 11
14 23
14 12
14 16
14 4
14 20
14 13
17 10
17 1
17 20
17 25
17 0
17 12
17 23
17 2
17 3
17 22
17 4
17 7
17 26
17 9
17 8
10 6
10 13
10 23
10 19
10 5
10 25
10 20
10 15
10 26
10 8
10 16
10 11
10 21
10 22
0 20
0 4
0 1
0 27
0 24
0 11
0 18
0 8
0 15
0 22
0 6
0 9
0 26
0 13
20 26
20 6
20 16
20 12
20 27
20 22
20 2
20 24
20 3
20 8
20 19
20 23
1 6
1 12
1 26
1 5
1 19
1 3
1 25
1 23
1 9
1 18
1 7
1 24
1 13
1 22
18 19
18 25
18 3
18 2
18 26
18 7
18 12
18 21
18 22
18 9
18 27
18 4
18 23
18 11
19 7
19 24
19 9
19 8
19 11
19 2
19 21
19 12
19 5
19 3
19 6
25 6
25 23
25 8
25 15
25 24
25 12
25 2
25 27
25 5
25 4
25 21
6 7
6 2
6 13
6 16
6 11
6 15
6 8
6 21
6 22
6 12
5 8
5 4
5 24
5 21
5 27
5 3
5 7
5 13
5 23
5 16
5 9
5 15
8 24
8 15
8 12
8 13
8 16
8 11
8 3
8 27
3 24
3 12
3 11
3 27
3 15
3 21
3 16
3 2
3 26
24 27
24 12
24 2
24 23
24 4
24 9
24 26
7 22
7 21
7 15
7 2
7 11
7 27
7 13
7 23
7 9
7 26
9 21
9 16
9 13
9 11
9 27
9 12
9 4
9 15
21 11
21 4
21 27
21 15
21 22
21 2
27 11
27 4
27 22
27 26
27 13
11 22
11 2
11 16
11 23
22 16
22 12
22 23
22 26
22 13
16 4
16 13
16 23
16 26
16 12
16 2
12 4
12 15
4 15
4 26
4 13
4 23
23 13
23 2
15 26
15 13
15 2
2 13
2 26


29 232
6 9
6 28
6 7
6 10
6 23
6 26
6 16
6 3
6 11
6 4
6 17
6 18
6 0
6 21
6 22
6 12
9 16
9 25
9 20
9 13
9 23
9 18
9 11
9 24
9 3
9 27
9 0
9 2
9 15
9 28
9 17
20 25
20 0
20 15
20 17
20 13
20 26
20 10
20 27
20 22
20 2
20 24
20 3
20 8
20 14
20 19
25 26
25 23
25 22
25 18
25 8
25 10
25 24
25 1
25 0
25 27
25 5
25 19
25 4
25 28
10 17
10 0
10 18
10 4
10 13
10 24
10 14
10 19
10 3
10 8
10 16
10 7
10 22
17 1
17 23
17 18
17 3
17 27
17 4
17 7
17 16
17 28
17 21
17 8
17 11
0 27
0 14
0 24
0 5
0 8
0 28
0 15
0 3
0 23
0 26
0 13
15 14
15 4
15 11
15 16
15 1
15 26
15 7
15 22
15 13
15 24
15 21
15 12
15 2
28 21
28 1
28 12
28 27
28 2
28 8
28 14
28 19
28 24
28 18
28 5
21 11
21 14
21 1
21 7
21 27
21 18
21 19
21 23
21 16
21 13
21 22
21 2
7 12
7 19
7 22
7 18
7 5
7 11
7 14
7 27
7 1
7 4
7 26
12 22
12 1
12 8
12 4
12 13
12 24
12 23
12 14
12 19
12 5
12 11
12 26
1 11
1 26
1 16
1 5
1 19
1 23
1 18
1 2
1 22
2 22
2 5
2 27
2 24
2 8
2 13
2 3
2 14
2 26
2 16
22 16
22 23
22 13
22 4
22 5
22 24
23 26
23 3
23 13
23 16
23 5
23 27
23 18
26 4
26 11
26 5
26 3
26 8
26 19
5 11
5 14
5 27
5 3
5 16
5 19
11 16
11 4
11 13
11 24
11 18
11 8
3 24
3 18
3 4
3 14
3 19
3 8
24 14
24 19
24 4
24 16
18 8
18 27
18 13
18 16
19 16
19 14
19 13
19 27
16 8
13 8
13 4
13 27
27 4
27 14
4 8
4 14
14 8


30 240
9 26
9 8
9 25
9 20
9 13
9 23
9 18
9 24
9 3
9 27
9 0
9 22
9 4
9 2
9 15
9 17
26 25
26 6
26 1
26 15
26 20
26 16
26 5
26 10
26 8
26 17
26 19
26 2
26 27
26 0
26 12
6 28
6 7
6 10
6 2
6 16
6 29
6 3
6 11
6 17
6 8
6 21
6 24
6 22
6 12
6 19
28 7
28 22
28 12
28 2
28 23
28 8
28 4
28 19
28 24
28 15
28 29
28 0
28 17
28 13
28 5
1 17
1 11
1 12
1 21
1 5
1 10
1 20
1 14
1 4
1 18
1 7
1 29
1 24
1 13
1 8
17 25
17 23
17 18
17 29
17 22
17 27
17 7
17 21
17 19
17 15
17 11
18 19
18 5
18 14
18 10
18 20
18 0
18 7
18 12
18 27
18 13
18 15
18 16
18 24
19 29
19 7
19 23
19 10
19 13
19 22
19 11
19 2
19 5
19 25
19 20
25 16
25 23
25 22
25 15
25 14
25 24
25 11
25 13
25 29
25 0
25 12
25 4
0 10
0 21
0 24
0 5
0 2
0 22
0 12
0 3
0 29
0 23
0 13
10 4
10 24
10 14
10 29
10 5
10 15
10 3
10 8
10 11
10 27
3 7
3 24
3 23
3 12
3 27
3 22
3 15
3 21
3 16
3 4
3 13
3 29
7 22
7 8
7 24
7 2
7 5
7 20
7 13
7 4
7 29
11 5
11 21
11 2
11 4
11 20
11 13
11 29
11 23
11 24
11 8
5 8
5 4
5 14
5 20
5 23
5 16
5 12
8 15
8 21
8 22
8 4
8 2
8 16
8 27
24 14
24 2
24 4
24 15
24 20
29 15
29 16
29 22
29 14
29 21
14 15
14 22
14 23
14 12
14 2
14 16
14 27
14 4
14 20
23 2
23 16
23 21
23 27
23 4
23 20
22 12
22 27
22 15
22 21
13 20
13 12
13 16
13 4
13 21
13 27
20 21
20 16
20 27
20 2
12 2
12 16
12 21
12 15
2 27
2 15
27 21
27 4
27 16
16 15
16 21
4 21


31 248
24 30
24 5
24 0
24 7
24 12
24 17
24 2
24 23
24 9
24 29
24 20
24 6
24 11
24 1
24 22
24 18
30 15
30 9
30 5
30 25
30 26
30 1
30 16
30 14
30 23
30 28
30 3
30 8
30 17
30 4
30 19
15 27
15 8
15 14
15 11
15 1
15 26
15 23
15 28
15 19
15 0
15 22
15 13
15 18
15 17
15 12
27 11
27 5
27 21
27 3
27 17
27 4
27 22
27 18
27 7
27 25
27 29
27 14
27 10
27 26
27 8
6 9
6 1
6 7
6 2
6 23
6 13
6 14
6 29
6 3
6 4
6 17
6 8
6 21
6 22
6 12
9 21
9 14
9 16
9 19
9 25
9 20
9 13
9 23
9 18
9 11
9 3
9 2
9 7
20 25
20 18
20 26
20 11
20 1
20 7
20 12
20 22
20 2
20 29
20 3
20 14
20 19
20 23
25 7
25 26
25 18
25 8
25 14
25 10
25 13
25 0
25 12
25 2
25 19
25 4
7 12
7 19
7 28
7 22
7 8
7 2
7 17
7 1
7 4
7 29
12 22
12 1
12 8
12 4
12 18
12 29
12 16
12 5
12 10
12 26
21 28
21 5
21 11
21 4
21 1
21 0
21 18
21 3
21 23
21 29
21 16
21 13
21 22
28 26
28 16
28 1
28 23
28 14
28 4
28 0
28 17
28 13
28 18
28 5
28 10
1 17
1 11
1 16
1 5
1 3
1 29
1 2
17 13
17 23
17 2
17 5
17 16
17 26
17 19
17 8
26 23
26 4
26 29
26 11
26 5
26 10
26 3
26 19
16 29
16 13
16 3
16 8
16 14
16 5
16 10
16 0
16 2
13 10
13 23
13 8
13 5
13 4
13 2
13 18
13 3
2 22
2 5
2 11
2 19
2 14
2 4
22 11
22 23
22 4
22 19
22 0
22 5
22 10
0 10
0 4
0 14
0 11
0 18
0 5
0 8
0 19
0 3
10 18
10 4
10 23
10 19
10 5
10 3
10 8
23 3
23 14
23 8
5 11
11 3
11 19
11 29
11 18
4 19
4 29
19 29
19 14
29 14
29 18
29 3
14 18
14 8
18 8
8 3


32 288
9 26
9 14
9 16
9 19
9 8
9 20
9 13
9 23
9 11
9 3
9 1
9 0
9 12
9 5
9 4
9 2
9 15
9 31
26 28
26 23
26 22
26 13
26 18
26 15
26 20
26 11
26 30
26 16
26 10
26 21
26 8
26 31
26 17
26 19
26 2
15 27
15 20
15 8
15 4
15 11
15 1
15 28
15 3
15 10
15 0
15 6
15 22
15 13
15 21
15 17
15 12
27 11
27 28
27 21
27 3
27 31
27 17
27 6
27 4
27 22
27 18
27 30
27 23
27 25
27 10
27 1
27 13
27 8
14 17
14 31
14 24
14 5
14 21
14 22
14 6
14 28
14 19
14 11
14 1
14 12
14 29
14 30
14 3
14 8
14 20
17 10
17 20
17 0
17 23
17 2
17 18
17 24
17 7
17 6
17 16
17 28
17 31
17 21
17 19
10 13
10 24
10 23
10 29
10 30
10 1
10 19
10 5
10 25
10 31
10 16
10 11
10 12
10 7
0 20
0 7
0 4
0 1
0 21
0 18
0 5
0 31
0 2
0 25
0 19
0 6
0 16
0 3
0 13
20 13
20 18
20 21
20 6
20 5
20 28
20 11
20 16
20 1
20 2
20 3
20 19
7 12
7 25
7 3
7 6
7 19
7 21
7 24
7 18
7 2
7 11
7 13
7 4
7 16
7 29
7 23
12 28
12 22
12 3
12 8
12 2
12 24
12 29
12 19
12 16
12 5
12 21
12 6
12 11
21 28
21 31
21 4
21 24
21 1
21 3
21 29
21 16
21 25
28 16
28 1
28 22
28 2
28 23
28 4
28 24
28 18
28 30
28 25
25 6
25 23
25 22
25 30
25 8
25 24
25 11
25 29
25 2
25 3
25 19
25 4
16 4
16 19
16 11
16 23
16 8
16 5
16 18
16 2
18 19
18 5
18 2
18 31
18 22
18 13
18 23
18 11
18 24
18 29
19 24
19 23
19 1
19 8
19 22
19 5
1 6
1 11
1 5
1 30
1 4
1 29
1 13
1 8
6 13
6 29
6 3
6 30
6 4
6 8
6 31
6 24
23 13
23 31
23 5
23 8
23 30
23 4
23 29
13 30
13 29
13 22
13 8
13 2
13 3
30 29
30 5
30 22
30 31
30 2
30 11
30 3
30 8
3 24
3 11
3 22
3 4
3 29
2 5
2 11
2 24
2 8
2 31
5 8
5 4
5 24
5 29
5 22
11 31
11 29
8 31
8 22
24 31
24 4
24 29
24 22
31 4
31 22
4 22
4 29
22 29


33 297
9 26
9 6
9 14
9 8
9 20
9 13
9 29
9 18
9 11
9 24
9 1
9 22
9 4
9 2
9 28
9 32
9 10
9 7
26 23
26 32
26 4
26 1
26 13
26 20
26 29
26 30
26 14
26 5
26 10
26 21
26 24
26 27
26 0
26 7
26 12
15 27
15 30
15 8
15 29
15 14
15 11
15 16
15 1
15 23
15 25
15 10
15 19
15 0
15 6
15 13
15 18
15 5
15 17
27 2
27 28
27 5
27 0
27 31
27 17
27 19
27 6
27 4
27 22
27 20
27 30
27 23
27 25
27 13
27 8
6 1
6 7
6 10
6 25
6 16
6 14
6 32
6 3
6 20
6 17
6 18
6 8
6 21
6 22
6 12
5 31
5 8
5 18
5 11
5 30
5 1
5 17
5 3
5 20
5 13
5 29
5 16
5 19
5 22
5 28
31 25
31 21
31 28
31 8
31 24
31 18
31 7
31 0
31 30
31 10
31 17
31 19
31 13
31 22
31 32
31 16
24 30
24 3
24 19
24 10
24 7
24 17
24 2
24 23
24 4
24 20
24 11
24 16
24 1
24 13
24 32
30 18
30 29
30 10
30 21
30 22
30 2
30 16
30 12
30 28
30 3
30 17
30 19
14 17
14 18
14 10
14 21
14 0
14 22
14 28
14 19
14 25
14 23
14 2
14 16
14 3
14 13
17 10
17 1
17 13
17 0
17 12
17 2
17 29
17 22
17 7
17 32
10 0
10 4
10 23
10 29
10 32
10 25
10 20
10 11
10 7
25 7
25 22
25 8
25 11
25 1
25 29
25 0
25 2
25 3
25 4
25 28
25 21
7 12
7 0
7 22
7 21
7 11
7 13
7 4
7 29
7 23
7 32
12 28
12 3
12 1
12 8
12 2
12 13
12 18
12 23
12 32
12 20
12 0
12 19
12 16
21 28
21 8
21 11
21 4
21 1
21 18
21 3
21 32
21 29
21 16
21 2
28 1
28 22
28 2
28 23
28 3
28 8
28 19
28 20
28 18
1 11
1 0
1 3
1 4
1 18
1 29
1 2
0 4
0 18
0 2
0 19
0 16
0 23
0 13
13 32
13 23
13 16
13 29
13 4
13 18
18 19
18 20
18 8
18 11
18 29
19 4
19 23
19 22
19 11
19 32
19 3
19 20
23 3
23 22
23 2
23 16
23 4
23 29
11 22
11 2
11 16
11 3
11 20
11 8
11 32
32 20
32 22
32 8
32 16
32 29
8 22
8 4
8 29
8 20
8 3
3 22
3 16
3 20
3 29
4 16
4 22
4 2
4 20
2 29
2 20
2 16
20 16


34 306
9 26
9 6
9 30
9 19
9 13
9 23
9 29
9 11
9 3
9 1
9 27
9 12
9 22
9 4
9 2
9 17
9 31
9 7
26 23
26 32
26 25
26 6
26 1
26 22
26 18
26 15
26 33
26 30
26 10
26 21
26 31
26 24
26 2
26 0
26 12
15 27
15 8
15 14
15 4
15 16
15 1
15 23
15 28
15 3
15 19
15 0
15 6
15 13
15 24
15 21
15 5
15 2
27 28
27 0
27 21
27 3
27 17
27 6
27 4
27 18
27 7
27 16
27 30
27 23
27 25
27 29
27 14
27 13
6 10
6 2
6 13
6 16
6 14
6 29
6 32
6 3
6 11
6 20
6 33
6 8
6 31
6 5
20 25
20 0
20 13
20 18
20 32
20 21
20 33
20 5
20 10
20 11
20 12
20 2
20 24
20 8
20 4
20 19
20 23
25 31
25 7
25 17
25 16
25 23
25 18
25 30
25 8
25 14
25 10
25 32
25 29
25 12
25 19
25 28
31 21
31 28
31 1
31 24
31 18
31 0
31 33
31 23
31 3
31 10
31 11
31 32
31 29
31 2
0 7
0 32
0 17
0 4
0 30
0 21
0 24
0 11
0 33
0 18
0 5
0 16
0 3
7 12
7 3
7 28
7 24
7 18
7 2
7 5
7 17
7 11
7 33
7 14
7 13
7 1
7 32
12 17
12 28
12 22
12 3
12 1
12 8
12 4
12 24
12 23
12 19
12 30
12 33
12 11
1 17
1 28
1 16
1 5
1 19
1 14
1 4
1 18
1 29
1 24
1 13
1 22
17 13
17 2
17 3
17 24
17 22
17 4
17 33
17 21
17 19
17 32
17 8
13 30
13 10
13 19
13 22
13 2
13 18
13 33
13 21
13 3
13 14
2 22
2 5
2 28
2 24
2 29
2 14
2 16
2 10
2 21
22 28
22 32
22 23
22 29
22 8
22 30
22 4
22 19
22 10
22 24
22 21
18 19
18 30
18 21
18 28
18 33
18 4
18 23
18 11
18 29
19 29
19 24
19 23
19 8
19 11
19 32
19 21
19 5
23 24
23 33
23 14
23 11
23 30
23 4
23 29
30 32
30 5
30 21
30 16
30 14
30 28
30 8
30 4
3 24
3 11
3 33
3 21
3 16
3 14
3 8
3 29
5 8
5 4
5 24
5 14
5 10
5 33
5 16
5 32
5 28
8 21
8 28
8 32
8 4
8 29
8 16
8 11
24 10
24 16
24 32
32 16
32 10
32 33
32 11
29 10
29 16
29 28
29 14
29 21
10 4
10 14
10 16
10 11
10 21
10 28
21 16
28 14
28 4
28 33
4 11
4 14
16 11
16 33
14 33
14 11
11 33


35 315
1 34
1 11
1 28
1 21
1 26
1 33
1 16
1 5
1 30
1 3
1 20
1 25
1 18
1 29
1 2
1 24
1 22
1 8
34 15
34 33
34 19
34 17
34 3
34 23
34 31
34 26
34 7
34 11
34 0
34 20
34 18
34 4
34 32
34 25
34 8
24 30
24 8
24 14
24 5
24 19
24 10
24 33
24 7
24 12
24 17
24 2
24 25
24 4
24 9
24 15
24 29
24 26
30 18
30 15
30 20
30 0
30 5
30 10
30 6
30 22
30 33
30 7
30 12
30 28
30 3
30 8
30 4
30 19
9 26
9 21
9 16
9 20
9 13
9 23
9 29
9 33
9 3
9 12
9 5
9 4
9 2
9 28
9 32
9 31
9 7
26 28
26 23
26 32
26 6
26 4
26 22
26 13
26 15
26 29
26 16
26 5
26 31
26 2
26 27
20 25
20 0
20 15
20 21
20 31
20 5
20 28
20 11
20 10
20 16
20 7
20 12
20 27
20 14
25 7
25 6
25 22
25 18
25 8
25 15
25 14
25 13
25 29
25 0
25 2
25 3
25 4
25 28
10 17
10 4
10 13
10 29
10 32
10 5
10 3
10 31
10 33
10 21
10 12
10 27
10 22
10 2
10 28
17 13
17 23
17 2
17 18
17 3
17 5
17 22
17 4
17 7
17 6
17 16
17 33
17 31
17 19
17 11
0 7
0 32
0 4
0 27
0 21
0 11
0 31
0 19
0 6
0 16
0 3
0 29
0 23
0 13
7 12
7 6
7 22
7 31
7 5
7 11
7 33
7 13
7 29
7 23
12 31
12 22
12 3
12 27
12 13
12 18
12 23
12 14
12 16
12 5
12 21
12 6
15 8
15 14
15 33
15 11
15 16
15 23
15 3
15 19
15 6
15 22
15 21
15 31
28 16
28 27
28 32
28 2
28 23
28 3
28 8
28 14
28 4
28 29
28 18
16 4
16 19
16 6
16 23
16 8
16 27
16 21
16 18
16 31
13 32
13 23
13 29
13 8
13 11
13 33
13 21
13 3
13 14
13 27
31 11
31 18
31 27
31 6
31 32
31 29
31 2
18 19
18 14
18 2
18 32
18 27
18 6
18 33
18 23
18 29
19 4
19 23
19 27
19 8
19 11
19 2
19 32
19 21
19 5
19 6
23 33
23 14
23 27
23 8
23 29
2 5
2 6
2 11
2 29
2 8
2 3
2 14
5 8
5 27
5 33
5 6
5 32
5 22
11 22
11 27
11 21
11 6
11 14
11 33
11 32
32 22
32 27
32 21
32 3
32 29
32 14
8 22
8 4
8 29
8 14
8 27
6 14
6 33
6 22
4 21
4 27
4 22
4 33
4 3
14 21
14 33
14 22
14 3
21 33
21 3
21 29
21 22
22 27
3 29


36 360
17 20
17 0
17 12
17 30
17 34
17 27
17 16
17 21
17 32
17 8
17 25
17 7
17 31
17 35
17 1
17 29
17 5
17 33
17 26
17 19
20 32
20 27
20 34
20 4
20 19
20 15
20 30
20 26
20 6
20 1
20 22
20 29
20 0
20 35
20 31
20 7
20 2
20 3
20 14
14 31
14 6
14 8
14 4
14 35
14 30
14 13
14 18
14 21
14 11
14 1
14 7
14 27
14 9
14 5
14 34
14 25
14 12
14 3
31 18
31 33
31 23
31 3
31 16
31 12
31 21
31 35
31 30
31 10
31 15
31 26
31 22
31 7
31 34
31 29
31 9
15 30
15 11
15 1
15 19
15 33
15 26
15 22
15 2
15 16
15 10
15 21
15 18
15 27
15 4
15 23
15 28
15 32
15 13
30 26
30 2
30 35
30 24
30 0
30 33
30 7
30 9
30 5
30 16
30 27
30 23
30 25
30 28
30 19
0 5
0 28
0 19
0 7
0 11
0 25
0 23
0 13
0 35
0 4
0 18
0 29
0 10
0 1
0 24
0 22
0 12
12 4
12 29
12 32
12 19
12 10
12 16
12 28
12 27
12 33
12 21
12 3
12 1
12 24
12 35
12 23
12 9
4 5
4 35
4 11
4 24
4 26
4 32
4 29
4 10
4 16
4 13
4 18
4 25
4 28
4 9
4 23
5 10
5 29
5 6
5 32
5 8
5 18
5 13
5 23
5 35
5 11
5 33
5 9
5 19
5 26
5 22
32 28
32 35
32 6
32 27
32 26
32 10
32 18
32 25
32 9
32 24
32 23
32 22
32 29
32 7
35 29
35 23
35 33
35 6
35 7
35 19
35 27
35 28
35 10
35 1
28 34
28 11
28 7
28 22
28 2
28 29
28 23
28 3
28 18
28 9
28 8
28 19
28 25
33 34
33 2
33 23
33 8
33 16
33 21
33 22
33 13
33 6
33 11
33 25
33 3
33 9
34 26
34 7
34 10
34 25
34 19
34 27
34 2
34 11
34 3
34 8
34 21
34 23
34 13
34 6
8 18
8 25
8 27
8 2
8 29
8 11
8 3
8 24
8 13
8 26
8 21
8 7
8 10
8 6
18 2
18 22
18 6
18 13
18 29
18 7
18 27
18 10
18 25
18 9
18 26
11 3
11 26
11 19
11 21
11 6
11 25
11 7
11 27
11 16
11 9
11 24
2 7
2 25
2 16
2 10
2 3
2 21
2 6
2 19
2 13
2 22
2 1
2 9
3 22
3 13
3 24
3 1
3 26
3 23
3 10
3 16
3 27
3 29
1 25
1 13
1 6
1 16
1 29
1 26
1 19
1 7
1 24
1 23
1 9
6 21
6 25
6 16
6 22
6 9
6 29
6 24
6 13
25 23
25 24
25 26
25 22
25 27
26 10
26 9
26 16
26 13
26 22
29 9
29 19
29 21
29 7
29 27
7 16
7 21
7 24
7 19
10 22
10 24
10 9
10 16
10 23
10 21
22 21
22 27
22 13
22 9
22 24
19 27
19 24
19 16
19 13
19 23
27 24
27 16
27 13
23 13
23 21
23 16
9 24
9 21
24 16
24 21
24 13
16 21
13 21


37 370
20 25
20 17
20 32
20 21
20 28
20 16
20 12
20 27
20 4
20 23
20 15
20 30
20 24
20 26
20 6
20 0
20 35
20 7
20 2
20 3
25 8
25 1
25 34
25 31
25 24
25 11
25 32
25 29
25 12
25 17
25 22
25 4
25 16
25 33
25 30
25 14
25 10
25 27
25 19
3 35
3 11
3 22
3 4
3 19
3 1
3 26
3 8
3 28
3 5
3 36
3 7
3 12
3 18
3 27
3 9
3 0
3 14
3 29
35 4
35 21
35 31
35 36
35 13
35 16
35 14
35 15
35 5
35 33
35 0
35 26
35 19
35 27
35 18
35 11
35 12
35 1
6 28
6 14
6 27
6 18
6 5
6 21
6 36
6 22
6 9
6 2
6 26
6 0
6 24
6 19
6 10
6 13
6 30
6 8
6 34
28 21
28 1
28 32
28 24
28 0
28 11
28 7
28 2
28 29
28 17
28 12
28 9
28 5
28 4
28 19
28 15
28 10
21 11
21 24
21 33
21 13
21 2
21 9
21 5
21 27
21 19
21 23
21 15
21 34
21 8
21 4
21 32
21 10
4 36
4 5
4 11
4 17
4 7
4 19
4 26
4 22
4 1
4 29
4 13
4 27
4 9
4 30
36 18
36 0
36 14
36 23
36 31
36 27
36 33
36 32
36 29
36 7
36 13
36 9
36 34
36 12
36 16
36 1
17 0
17 9
17 10
17 27
17 16
17 32
17 8
17 7
17 1
17 13
17 29
17 5
17 22
17 33
17 26
17 15
18 19
18 8
18 2
18 22
18 13
18 34
18 29
18 7
18 32
18 30
18 0
18 12
18 23
18 15
18 26
18 33
19 15
19 32
19 12
19 29
19 34
19 31
19 24
19 16
19 1
19 13
19 5
19 7
14 31
14 0
14 26
14 29
14 24
14 30
14 13
14 33
14 1
14 9
14 15
14 5
14 22
14 34
14 12
31 27
31 23
31 16
31 1
31 10
31 15
31 8
31 26
31 22
31 32
31 2
31 24
31 11
31 29
31 9
15 30
15 11
15 1
15 7
15 24
15 29
15 33
15 12
15 10
15 0
15 32
30 22
30 24
30 0
30 33
30 11
30 7
30 16
30 34
30 27
30 23
30 10
30 1
30 8
0 5
0 33
0 2
0 16
0 8
0 24
0 22
0 12
0 34
1 22
1 8
1 34
1 26
1 24
1 11
1 12
1 9
2 27
2 12
2 33
2 10
2 5
2 8
2 26
2 32
2 24
2 13
2 11
2 29
2 9
27 32
27 7
27 23
27 10
27 16
27 29
27 26
27 13
5 34
5 10
5 32
5 16
5 11
5 7
5 26
5 12
5 22
32 11
32 26
32 34
32 9
32 8
32 23
32 29
34 33
34 7
34 10
34 22
34 8
34 16
34 23
34 13
33 23
33 16
33 22
33 7
33 13
33 11
33 9
33 10
8 9
8 29
8 26
8 7
8 10
8 16
8 23
11 26
11 7
11 23
11 12
11 9
11 10
12 29
12 22
12 13
12 24
12 23
7 16
7 23
7 29
7 13
24 16
24 10
24 9
24 13
24 23
24 26
26 9
26 16
26 22
29 10
29 22
29 23
10 16
10 13
10 23
22 23
22 13
22 9
16 13
16 23
23 9
13 9


38 380
5 31
5 24
5 6
5 15
5 8
5 18
5 27
5 37
5 13
5 25
5 11
5 30
5 3
5 7
5 33
5 9
5 28
5 1
5 17
5 36
31 27
31 33
31 23
31 16
31 25
31 12
31 35
31 36
31 19
31 17
31 13
31 32
31 2
31 37
31 24
31 20
31 34
31 29
31 9
20 25
20 17
20 32
20 28
20 12
20 8
20 4
20 19
20 23
20 18
20 10
20 24
20 26
20 6
20 22
20 29
20 35
20 11
20 2
25 8
25 37
25 13
25 34
25 6
25 32
25 29
25 0
25 12
25 17
25 26
25 22
25 18
25 35
25 36
25 9
25 19
21 28
21 37
21 1
21 24
21 0
21 33
21 29
21 17
21 2
21 9
21 14
21 19
21 23
21 16
21 8
21 4
21 30
21 18
21 32
21 10
28 24
28 0
28 26
28 7
28 22
28 2
28 29
28 13
28 16
28 27
28 23
28 3
28 18
28 36
28 8
28 4
28 15
17 12
17 37
17 9
17 14
17 10
17 34
17 27
17 32
17 8
17 18
17 13
17 29
17 26
17 19
17 11
23 26
23 6
23 33
23 13
23 14
23 11
23 7
23 30
23 10
23 19
23 37
23 15
23 24
23 1
23 8
23 4
26 11
26 34
26 14
26 16
26 2
26 37
26 6
26 1
26 8
26 35
26 7
26 33
26 27
26 0
26 12
15 30
15 34
15 1
15 7
15 19
15 24
15 33
15 3
15 35
15 12
15 2
15 16
15 36
15 6
15 27
15 14
15 32
30 36
30 22
30 2
30 24
30 13
30 0
30 33
30 11
30 18
30 9
30 16
30 37
30 3
30 6
30 1
30 19
11 22
11 19
11 0
11 7
11 12
11 36
11 16
11 14
11 29
11 1
11 2
11 35
11 24
11 37
22 36
22 18
22 10
22 8
22 4
22 19
22 33
22 27
22 34
22 37
22 2
22 32
22 13
22 0
22 24
12 2
12 29
12 32
12 19
12 34
12 13
12 37
12 16
12 27
12 33
12 3
12 24
12 35
2 27
2 16
2 10
2 36
2 0
2 34
2 3
2 13
2 9
2 35
27 19
27 7
27 18
27 0
27 9
27 14
27 3
27 4
27 37
27 1
27 13
34 7
34 10
34 18
34 9
34 4
34 32
34 1
34 3
34 8
34 36
34 13
34 6
24 16
24 35
24 14
24 10
24 32
24 8
24 19
24 36
24 0
32 35
32 6
32 19
32 4
32 3
32 8
32 36
32 33
32 29
32 7
6 14
6 18
6 1
6 7
6 3
6 9
6 35
6 29
6 4
6 13
6 37
37 29
37 36
37 3
37 1
37 4
37 10
37 14
4 35
4 3
4 7
4 14
4 8
4 29
4 10
4 16
4 18
4 9
35 29
35 36
35 8
35 16
35 14
35 9
35 10
35 18
29 9
29 18
29 19
29 1
29 10
29 7
29 0
10 36
10 19
10 1
10 9
10 18
10 16
10 8
10 33
36 0
36 14
36 33
36 7
36 9
8 18
8 14
8 3
8 0
8 13
18 7
18 14
18 9
18 33
1 33
1 13
1 16
1 3
1 14
1 7
1 0
0 14
0 19
0 9
0 33
0 16
0 13
14 7
14 16
14 3
33 16
33 7
33 13
33 19
33 3
7 9
7 3
7 13
19 3
19 16
9 13
9 16
13 3
3 16


39 390
5 31
5 24
5 0
5 10
5 29
5 15
5 8
5 27
5 13
5 25
5 11
5 30
5 33
5 9
5 19
5 28
5 26
5 36
5 12
5 22
31 18
31 3
31 21
31 1
31 36
31 10
31 15
31 28
31 38
31 8
31 4
31 17
31 13
31 22
31 32
31 2
31 37
31 20
31 0
3 35
3 17
3 37
3 4
3 13
3 24
3 15
3 1
3 21
3 2
3 34
3 10
3 7
3 12
3 18
3 38
3 0
3 20
3 29
35 4
35 32
35 21
35 29
35 24
35 13
35 16
35 38
35 0
35 34
35 37
35 19
35 27
35 17
35 20
35 28
35 18
35 1
35 2
21 28
21 37
21 20
21 22
21 11
21 24
21 33
21 13
21 2
21 14
21 27
21 23
21 12
21 25
21 34
21 8
21 10
28 1
28 20
28 34
28 26
28 22
28 17
28 16
28 23
28 14
28 33
28 9
28 19
28 15
28 38
28 30
28 25
4 36
4 12
4 17
4 38
4 14
4 19
4 26
4 32
4 34
4 0
4 16
4 6
4 25
4 33
4 9
4 23
4 30
36 0
36 30
36 37
36 2
36 6
36 19
36 27
36 33
36 11
36 15
36 7
36 38
36 20
36 9
36 8
36 16
36 26
17 20
17 9
17 14
17 34
17 16
17 32
17 8
17 18
17 7
17 1
17 2
17 6
17 26
17 19
17 11
20 13
20 32
20 9
20 34
20 8
20 19
20 23
20 18
20 37
20 1
20 22
20 29
20 11
7 25
7 22
7 37
7 34
7 9
7 0
7 6
7 11
7 23
7 12
7 24
7 1
7 26
7 19
7 38
7 13
7 32
25 8
25 1
25 13
25 6
25 23
25 32
25 29
25 0
25 12
25 15
25 33
25 9
25 30
25 10
25 19
15 30
15 34
15 11
15 1
15 29
15 22
15 12
15 16
15 10
15 0
15 38
15 8
15 23
15 32
30 26
30 2
30 11
30 14
30 18
30 9
30 16
30 34
30 27
30 37
30 32
30 6
30 1
30 19
1 10
1 37
1 29
1 22
1 14
1 24
1 38
1 9
1 2
1 27
13 18
13 12
13 16
13 9
13 14
13 0
13 19
13 2
13 10
13 22
13 11
13 27
34 26
34 10
34 18
34 12
34 9
34 37
34 11
34 22
34 14
34 6
24 33
24 14
24 10
24 37
24 9
24 32
24 27
24 19
24 2
24 0
24 12
24 23
24 26
24 38
32 27
32 37
32 18
32 2
32 8
32 23
32 38
32 22
32 33
32 14
6 23
6 18
6 12
6 16
6 11
6 22
6 9
6 26
6 29
6 0
6 10
6 8
6 37
23 33
23 9
23 27
23 11
23 0
23 18
23 10
23 16
23 8
23 29
37 9
37 16
37 10
37 0
37 22
37 2
37 11
8 38
8 18
8 33
8 14
8 27
8 2
8 29
8 19
8 26
38 16
38 0
38 27
38 11
38 26
38 10
38 18
38 12
22 19
22 33
22 27
22 2
22 14
22 29
22 9
16 29
16 33
16 2
16 0
16 12
16 11
16 10
16 27
18 2
18 29
18 27
18 14
18 10
18 0
18 33
11 19
11 12
11 27
11 33
11 29
2 12
2 10
2 19
2 29
0 14
0 19
0 26
14 19
14 26
14 29
14 33
14 27
14 12
12 29
12 33
12 9
12 26
33 19
33 26
33 9
33 10
29 9
29 26
29 27
19 26
26 10
26 27
10 27


40 440
5 31
5 24
5 10
5 20
5 39
5 6
5 15
5 2
5 8
5 27
5 37
5 13
5 23
5 16
5 25
5 11
5 33
5 9
5 14
5 17
5 36
5 22
31 18
31 16
31 25
31 12
31 1
31 10
31 6
31 15
31 28
31 8
31 4
31 17
31 26
31 13
31 22
31 32
31 37
31 20
31 7
31 34
31 9
20 25
20 17
20 32
20 9
20 28
20 12
20 27
20 18
20 37
20 10
20 24
20 39
20 33
20 1
20 22
20 29
20 0
20 11
20 3
20 14
25 7
25 8
25 2
25 6
25 24
25 11
25 0
25 26
25 18
25 35
25 3
25 4
25 21
25 30
25 14
25 10
25 39
25 19
25 28
17 0
17 3
17 24
17 4
17 37
17 14
17 23
17 34
17 32
17 7
17 35
17 1
17 13
17 36
17 2
17 6
17 19
17 15
17 11
7 22
7 15
7 37
7 2
7 27
7 4
7 16
7 9
7 39
7 21
7 11
7 36
7 1
7 29
7 26
7 19
7 8
7 13
7 10
18 19
18 36
18 2
18 22
18 34
18 29
18 32
18 27
18 14
18 10
18 0
18 9
18 28
18 4
18 23
18 26
18 21
18 38
18 24
19 39
19 9
19 27
19 15
19 11
19 0
19 3
19 29
19 34
19 22
19 16
19 33
19 1
19 13
19 38
19 21
19 35
19 37
23 26
23 6
23 33
23 35
23 13
23 22
23 14
23 27
23 11
23 0
23 38
23 21
23 32
23 10
23 15
23 24
23 8
23 4
23 29
26 11
26 30
26 34
26 14
26 9
26 15
26 16
26 3
26 6
26 1
26 8
26 35
26 38
26 33
26 36
26 0
26 12
13 32
13 30
13 12
13 28
13 33
13 8
13 4
13 2
13 36
13 6
13 29
13 34
13 22
13 11
13 15
13 39
32 28
32 6
32 12
32 27
32 37
32 11
32 39
32 10
32 34
32 24
32 8
32 36
32 38
32 30
32 21
32 29
15 30
15 11
15 1
15 24
15 9
15 29
15 12
15 16
15 36
15 6
15 21
15 27
15 14
15 4
30 36
30 2
30 35
30 24
30 33
30 29
30 39
30 9
30 34
30 12
30 27
30 37
30 3
30 28
30 38
30 8
30 4
11 22
11 28
11 34
11 12
11 27
11 36
11 29
11 38
11 1
11 2
11 9
22 35
22 16
22 8
22 33
22 27
22 39
22 34
22 37
22 2
22 14
22 0
22 9
22 38
0 28
0 9
0 33
0 2
0 16
0 35
0 27
0 37
0 10
0 1
0 39
0 24
0 34
0 3
2 27
2 33
2 16
2 10
2 28
2 34
2 21
2 6
2 24
2 37
2 14
2 9
27 39
27 33
27 21
27 38
27 10
27 35
27 3
27 16
27 1
39 34
39 3
39 38
39 28
39 24
39 12
39 8
39 14
39 4
39 6
39 21
24 28
24 16
24 3
24 10
24 21
24 9
24 8
24 1
24 36
24 12
6 12
6 38
6 1
6 16
6 3
6 9
6 35
6 29
6 4
6 33
6 37
21 37
21 1
21 35
21 33
21 3
21 29
21 9
21 36
21 8
21 4
21 10
37 3
37 9
37 38
37 28
37 34
37 12
37 8
37 35
37 33
4 35
4 12
4 38
4 3
4 14
4 1
4 34
4 16
4 28
4 33
35 29
35 8
35 14
35 38
35 33
35 9
35 28
35 10
35 12
28 34
28 29
28 16
28 3
28 36
28 8
28 38
36 14
36 33
36 29
36 38
36 3
36 12
36 8
36 16
36 1
10 14
10 12
10 1
10 9
10 3
10 16
10 38
10 33
14 38
14 29
14 8
14 33
14 1
14 9
14 12
9 34
9 16
1 33
1 16
1 3
1 29
1 38
12 29
12 16
12 33
12 3
12 38
3 8
3 34
3 29
33 16
8 29
8 34
8 16
29 38
29 34
34 38
34 16


41 451
5 31
5 4
5 10
5 29
5 6
5 2
5 18
5 27
5 13
5 23
5 16
5 25
5 35
5 11
5 30
5 3
5 7
5 38
5 14
5 40
5 17
5 26
31 14
31 27
31 33
31 3
31 16
31 40
31 36
31 10
31 6
31 28
31 38
31 4
31 17
31 26
31 13
31 22
31 37
31 24
31 11
31 29
31 39
20 25
20 13
20 32
20 21
20 28
20 16
20 12
20 27
20 34
20 19
20 15
20 30
20 18
20 37
20 10
20 24
20 39
20 26
20 1
20 40
20 38
20 2
25 7
25 8
25 37
25 1
25 23
25 24
25 26
25 22
25 18
25 15
25 36
25 4
25 16
25 33
25 9
25 30
25 27
25 39
25 28
25 40
4 36
4 35
4 12
4 11
4 24
4 14
4 19
4 32
4 22
4 0
4 37
4 13
4 2
4 18
4 39
4 15
4 21
4 9
4 30
36 10
36 18
36 30
36 2
36 35
36 39
36 14
36 19
36 11
36 15
36 7
36 13
36 3
36 28
36 9
36 34
36 8
36 16
36 26
7 22
7 15
7 2
7 34
7 9
7 6
7 21
7 18
7 40
7 11
7 33
7 30
7 23
7 12
7 35
7 1
7 29
7 19
7 8
23 26
23 17
23 13
23 22
23 2
23 9
23 11
23 0
23 38
23 21
23 32
23 18
23 30
23 19
23 15
23 34
23 1
23 8
23 29
26 34
26 14
26 28
26 15
26 39
26 6
26 1
26 13
26 8
26 18
26 29
26 33
26 40
26 17
26 27
26 12
14 0
14 19
14 38
14 8
14 24
14 35
14 13
14 18
14 33
14 11
14 1
14 27
14 15
14 22
14 2
14 3
14 32
15 30
15 1
15 19
15 3
15 35
15 2
15 16
15 10
15 0
15 6
15 38
15 27
15 8
15 28
30 22
30 35
30 17
30 24
30 13
30 0
30 33
30 29
30 37
30 3
30 10
30 6
30 1
30 19
11 22
11 3
11 39
11 19
11 32
11 28
11 21
11 33
11 18
11 1
11 35
11 13
11 24
11 37
11 17
22 3
22 18
22 35
22 21
22 16
22 28
22 12
22 8
22 39
22 32
22 17
22 13
22 0
22 24
13 3
13 1
13 9
13 40
13 33
13 21
13 0
13 17
13 6
13 39
13 27
2 27
2 18
2 12
2 38
2 16
2 10
2 34
2 21
2 6
2 24
2 19
2 17
2 40
2 9
27 19
27 34
27 17
27 18
27 40
27 0
27 33
27 21
27 9
27 35
27 37
27 16
27 1
32 28
32 35
32 6
32 19
32 37
32 10
32 3
32 34
32 9
32 17
32 8
32 40
32 0
32 33
32 21
32 29
3 40
3 24
3 39
3 28
3 34
3 16
3 12
3 18
3 33
3 38
3 9
3 29
40 9
40 24
40 0
40 8
40 37
40 28
40 6
40 12
40 33
40 17
40 16
21 37
21 1
21 35
21 33
21 17
21 38
21 9
21 19
21 12
21 34
21 8
21 10
37 29
37 38
37 24
37 12
37 8
37 10
37 0
37 35
37 39
37 19
37 33
37 6
35 24
35 33
35 0
35 6
35 34
35 19
35 9
35 17
35 10
28 0
28 29
28 17
28 39
28 16
28 12
28 33
28 9
28 8
28 38
28 10
8 38
8 33
8 9
8 29
8 17
8 1
8 39
8 34
8 6
38 0
38 6
38 33
38 39
38 29
38 19
38 34
38 17
38 10
38 12
29 16
29 12
29 9
29 1
29 10
29 6
29 24
29 0
29 34
29 39
10 12
10 17
10 24
10 1
10 39
10 18
10 16
10 0
17 39
17 16
17 18
17 6
39 1
39 18
39 24
39 12
39 0
18 34
18 0
18 33
18 16
18 24
9 19
9 34
9 24
9 6
9 1
9 12
19 12
19 34
19 24
19 16
19 6
1 6
1 34
1 24
1 0
1 12
0 33
0 16
0 12
12 6
12 34
12 16
24 33
24 34
33 16
16 6
16 34
6 34


42 462
6 28
6 41
6 14
6 32
6 27
6 18
6 5
6 21
6 25
6 16
6 31
6 9
6 35
6 29
6 4
6 20
6 15
6 24
6 10
6 13
6 39
6 30
28 1
28 32
28 0
28 34
28 7
28 2
28 37
28 29
28 13
28 12
28 27
28 31
28 23
28 14
28 33
28 18
28 5
28 4
28 38
28 30
28 25
4 36
4 12
4 17
4 24
4 3
4 7
4 19
4 26
4 8
4 29
4 34
4 0
4 16
4 31
4 2
4 39
4 21
4 27
4 9
4 23
36 41
36 18
36 0
36 30
36 2
36 35
36 39
36 14
36 31
36 27
36 15
36 21
36 32
36 29
36 25
36 20
36 9
36 17
36 12
36 5
36 1
17 20
17 3
17 24
17 37
17 9
17 34
17 21
17 32
17 8
17 25
17 18
17 7
17 1
17 13
17 2
17 29
17 22
17 26
17 19
17 15
20 13
20 5
20 27
20 8
20 41
20 19
20 15
20 30
20 18
20 37
20 24
20 39
20 33
20 22
20 29
20 0
20 11
20 7
20 3
35 41
35 32
35 21
35 24
35 23
35 13
35 8
35 16
35 14
35 38
35 0
35 34
35 25
35 37
35 27
35 10
35 18
35 11
35 12
35 1
41 33
41 19
41 5
41 25
41 3
41 2
41 23
41 40
41 10
41 16
41 38
41 24
41 31
41 8
41 7
41 15
41 21
41 27
18 19
18 2
18 22
18 1
18 13
18 29
18 32
18 27
18 39
18 10
18 37
18 40
18 3
18 26
18 16
18 24
19 39
19 14
19 27
19 32
19 34
19 24
19 33
19 1
19 8
19 2
19 21
19 26
19 40
19 23
19 37
19 25
19 30
33 34
33 31
33 8
33 0
33 38
33 22
33 7
33 13
33 40
33 5
33 11
33 39
33 25
33 26
33 32
33 9
33 37
33 10
23 26
23 40
23 31
23 13
23 2
23 5
23 27
23 7
23 0
23 3
23 21
23 32
23 37
23 16
23 34
23 1
23 39
26 21
26 9
26 16
26 39
26 2
26 25
26 1
26 13
26 8
26 7
26 38
26 22
26 29
26 5
26 24
26 12
14 31
14 10
14 0
14 38
14 29
14 8
14 24
14 30
14 11
14 7
14 27
14 22
14 34
14 25
14 37
14 12
14 3
31 3
31 16
31 25
31 21
31 40
31 30
31 15
31 38
31 13
31 2
31 37
31 11
31 39
31 9
38 40
38 2
38 0
38 37
38 39
38 9
38 34
38 11
38 15
38 5
38 32
38 7
38 3
38 24
38 12
40 3
40 1
40 9
40 24
40 0
40 8
40 22
40 37
40 13
40 30
40 34
40 15
40 12
40 10
40 16
15 30
15 34
15 11
15 1
15 7
15 24
15 29
15 3
15 22
15 12
15 2
15 25
15 27
15 13
30 22
30 13
30 0
30 11
30 7
30 29
30 5
30 16
30 12
30 32
30 10
30 1
30 8
11 22
11 3
11 32
11 21
11 0
11 25
11 34
11 12
11 27
11 16
11 2
11 9
11 13
11 10
22 3
22 10
22 21
22 16
22 12
22 8
22 25
22 34
22 37
22 29
22 9
22 5
1 21
1 13
1 16
1 37
1 29
1 8
1 32
1 24
1 0
1 2
1 27
13 37
13 3
13 8
13 24
13 10
13 34
13 39
34 5
34 7
34 27
34 37
34 2
34 24
34 16
34 29
39 27
39 9
39 5
39 3
39 32
39 10
39 12
39 2
39 0
39 25
3 21
3 2
3 32
3 8
3 10
3 25
3 29
27 32
27 0
27 12
27 9
27 10
27 16
21 37
21 7
21 0
21 2
21 9
21 5
21 8
21 10
37 25
37 9
37 5
37 12
37 16
32 12
32 5
32 24
32 2
32 16
32 29
5 0
5 10
5 29
5 8
5 7
5 12
9 29
9 0
9 7
9 24
9 10
9 16
9 25
8 12
8 25
8 29
8 7
8 10
12 29
12 10
12 7
12 24
10 2
10 16
10 25
2 7
2 16
0 7
0 25
0 16
0 24
7 16
7 29
24 25
24 29


43 473
5 31
5 34
5 0
5 39
5 6
5 2
5 8
5 18
5 27
5 37
5 13
5 23
5 16
5 25
5 11
5 30
5 9
5 19
5 38
5 17
5 36
5 22
31 18
31 33
31 3
31 35
31 40
31 30
31 10
31 42
31 28
31 38
31 26
31 13
31 32
31 41
31 37
31 24
31 20
31 7
31 34
31 0
31 9
21 28
21 26
21 6
21 35
21 22
21 11
21 24
21 0
21 33
21 42
21 29
21 17
21 2
21 9
21 14
21 36
21 19
21 23
21 16
21 8
21 30
21 10
28 41
28 1
28 24
28 11
28 22
28 7
28 29
28 17
28 13
28 40
28 39
28 12
28 18
28 9
28 36
28 35
28 4
28 19
28 38
28 30
4 36
4 35
4 42
4 3
4 7
4 20
4 19
4 26
4 32
4 8
4 1
4 34
4 41
4 16
4 6
4 13
4 18
4 25
4 39
4 33
4 30
36 10
36 22
36 30
36 37
36 35
36 39
36 14
36 23
36 6
36 27
36 11
36 15
36 29
36 42
36 3
36 17
36 24
36 1
41 6
41 12
41 20
41 32
41 18
41 25
41 26
41 3
41 1
41 2
41 40
41 10
41 38
41 24
41 0
41 29
41 22
41 37
41 27
17 20
17 12
17 3
17 14
17 10
17 23
17 27
17 16
17 32
17 8
17 25
17 18
17 7
17 2
17 29
17 33
17 15
17 11
20 13
20 9
20 16
20 19
20 15
20 18
20 37
20 26
20 1
20 40
20 22
20 29
20 0
20 42
20 11
20 38
20 3
20 14
7 25
7 22
7 2
7 34
7 27
7 0
7 6
7 33
7 23
7 12
7 35
7 1
7 26
7 3
7 19
7 8
7 38
7 10
25 8
25 37
25 1
25 34
25 23
25 11
25 12
25 38
25 22
25 35
25 33
25 42
25 14
25 10
25 27
25 39
25 40
23 26
23 42
23 35
23 13
23 9
23 14
23 11
23 38
23 30
23 10
23 37
23 16
23 34
23 12
23 8
23 29
26 11
26 30
26 34
26 15
26 39
26 2
26 6
26 13
26 8
26 19
26 38
26 18
26 29
26 40
26 24
13 32
13 3
13 1
13 12
13 40
13 33
13 0
13 38
13 19
13 2
13 24
13 10
13 29
13 34
13 11
32 35
32 19
32 27
32 37
32 11
32 3
32 34
32 24
32 2
32 16
32 1
32 40
32 30
32 42
32 15
32 33
32 14
38 40
38 2
38 6
38 37
38 39
38 27
38 9
38 15
38 3
38 10
38 24
38 12
40 9
40 42
40 8
40 37
40 30
40 34
40 15
40 27
40 35
40 18
40 2
40 10
40 16
15 30
15 1
15 39
15 24
15 9
15 29
15 35
15 12
15 2
15 16
15 6
15 18
15 27
15 14
15 37
30 22
30 35
30 11
30 14
30 29
30 16
30 34
30 37
30 10
30 6
30 1
11 22
11 3
11 39
11 34
11 8
11 16
11 29
11 2
11 35
11 37
22 42
22 10
22 16
22 8
22 19
22 27
22 6
22 39
22 34
22 2
22 14
22 29
12 8
12 19
12 10
12 34
12 39
12 18
12 42
12 33
12 1
12 24
12 35
12 14
12 0
1 33
1 18
1 6
1 16
1 3
1 29
1 8
1 14
1 42
1 9
19 39
19 9
19 10
19 0
19 3
19 16
19 8
19 2
19 35
19 37
19 42
39 27
39 42
39 3
39 8
39 2
39 37
39 14
39 6
39 35
39 29
27 18
27 24
27 0
27 9
27 42
27 14
27 3
27 37
27 16
27 29
35 16
35 14
35 6
35 34
35 42
35 2
42 16
42 24
42 33
42 14
42 18
42 2
34 33
34 9
34 3
34 24
34 8
34 0
34 6
33 24
33 2
33 8
33 29
33 6
33 3
33 9
33 37
33 10
33 18
6 16
6 9
6 0
6 24
6 10
6 8
10 14
10 9
10 37
10 0
10 8
8 18
8 3
8 24
14 0
14 29
14 24
14 18
14 37
18 29
18 0
18 9
18 16
18 24
9 29
9 0
9 24
9 16
9 3
0 2
0 16
0 37
0 29
0 24
0 3
3 2
3 29
24 37
2 16
2 37


44 528
20 25
20 17
20 9
20 5
20 28
20 16
20 27
20 8
20 19
20 23
20 15
20 10
20 43
20 24
20 39
20 40
20 22
20 29
20 0
20 31
20 11
20 2
20 3
20 14
25 8
25 1
25 34
25 31
25 43
25 32
25 29
25 12
25 41
25 5
25 17
25 26
25 18
25 3
25 4
25 21
25 33
25 42
25 14
25 10
25 27
25 39
25 28
3 35
3 11
3 22
3 42
3 13
3 19
3 39
3 6
3 15
3 1
3 21
3 32
3 41
3 23
3 28
3 34
3 30
3 36
3 18
3 27
3 9
3 0
35 4
35 32
35 24
35 22
35 30
35 23
35 31
35 36
35 13
35 16
35 15
35 33
35 40
35 19
35 27
35 42
35 9
35 17
35 10
35 18
35 11
35 39
35 2
30 41
30 15
30 36
30 22
30 2
30 13
30 42
30 0
30 31
30 11
30 40
30 18
30 29
30 39
30 5
30 34
30 27
30 37
30 6
30 21
30 43
30 28
41 28
41 33
41 6
41 43
41 14
41 32
41 18
41 39
41 1
41 9
41 16
41 38
41 42
41 31
41 29
41 22
41 7
41 37
41 15
41 21
41 27
21 28
21 1
21 31
21 33
21 42
21 29
21 17
21 13
21 2
21 9
21 40
21 5
21 19
21 23
21 15
21 12
21 34
21 43
21 4
21 10
28 1
28 32
28 24
28 0
28 34
28 7
28 2
28 37
28 29
28 39
28 16
28 12
28 23
28 14
28 9
28 5
28 8
28 19
17 0
17 12
17 39
17 4
17 43
17 37
17 9
17 14
17 23
17 16
17 18
17 38
17 42
17 1
17 36
17 2
17 29
17 33
17 26
17 19
33 34
33 24
33 2
33 23
33 31
33 8
33 16
33 22
33 13
33 40
33 6
33 11
33 12
33 39
33 26
33 4
33 32
33 37
33 18
38 40
38 8
38 16
38 0
38 6
38 23
38 31
38 19
38 27
38 9
38 34
38 36
38 15
38 5
38 1
38 26
38 7
38 42
38 10
38 24
38 22
38 12
40 1
40 0
40 8
40 22
40 29
40 7
40 37
40 13
40 6
40 34
40 12
40 27
40 43
40 19
40 5
40 26
40 39
40 16
15 43
15 7
15 19
15 9
15 29
15 26
15 31
15 12
15 16
15 10
15 6
15 18
15 27
15 14
15 4
15 32
15 13
11 22
11 26
11 19
11 32
11 7
11 34
11 23
11 8
11 12
11 5
11 16
11 14
11 1
11 42
11 2
11 31
11 13
11 10
11 37
22 36
22 10
22 16
22 23
22 27
22 6
22 1
22 43
22 34
22 37
22 2
22 26
22 14
22 29
22 5
0 14
0 36
0 9
0 16
0 13
0 4
0 27
0 8
0 6
0 10
0 32
0 1
0 39
0 31
0 43
0 12
0 26
12 8
12 4
12 2
12 29
12 32
12 13
12 39
12 27
12 18
12 36
12 24
12 23
12 14
12 26
1 18
1 13
1 6
1 31
1 43
1 10
1 37
1 8
1 26
1 7
1 42
1 2
1 36
4 5
4 42
4 24
4 7
4 19
4 26
4 32
4 29
4 31
4 37
4 6
4 13
4 2
4 18
4 39
4 9
5 24
5 34
5 43
5 10
5 29
5 32
5 2
5 8
5 27
5 37
5 23
5 9
5 14
5 36
24 16
24 42
24 37
24 9
24 32
24 8
24 27
24 7
24 29
24 13
24 36
24 31
24 43
24 23
24 26
24 18
32 6
32 26
32 39
32 34
32 9
32 16
32 36
32 31
32 42
32 7
32 14
8 18
8 14
8 27
8 9
8 2
8 29
8 37
8 31
8 26
8 34
8 10
8 23
34 7
34 10
34 39
34 18
34 27
34 9
34 2
34 14
34 13
34 43
34 6
29 37
29 14
29 18
29 19
29 6
29 36
29 2
29 39
29 31
37 7
37 36
37 13
37 42
37 16
37 10
37 43
37 23
37 14
37 19
16 42
16 7
16 13
16 19
16 39
16 14
16 23
16 36
16 27
6 14
6 27
6 18
6 36
6 9
6 2
6 26
6 13
6 39
6 43
10 36
10 14
10 19
10 26
10 2
10 43
10 31
10 13
10 42
10 7
36 18
36 39
36 14
36 23
36 31
36 19
36 9
39 7
39 26
39 43
39 14
39 13
18 2
18 43
18 27
18 14
18 42
18 23
18 26
14 42
14 7
9 19
9 7
9 26
9 43
9 23
9 27
19 27
19 31
19 13
19 2
19 26
19 7
19 42
2 23
2 26
2 31
2 42
43 42
43 23
43 13
43 7
42 13
42 31
42 7
7 27
7 23
7 31
7 13
26 31
26 27
27 23
23 13


45 540
5 31
5 4
5 34
5 43
5 6
5 32
5 15
5 2
5 8
5 18
5 13
5 16
5 25
5 11
5 3
5 42
5 9
5 19
5 28
5 14
5 40
5 26
5 12
5 22
31 14
31 18
31 27
31 16
31 21
31 35
31 1
31 40
31 30
31 36
31 6
31 15
31 28
31 38
31 4
31 17
31 22
31 37
31 24
31 7
31 34
31 0
31 9
20 25
20 17
20 21
20 9
20 16
20 27
20 41
20 4
20 19
20 15
20 30
20 18
20 37
20 44
20 10
20 24
20 26
20 1
20 40
20 36
20 0
20 42
20 11
20 7
25 8
25 34
25 11
25 32
25 0
25 12
25 41
25 26
25 38
25 18
25 15
25 3
25 36
25 4
25 21
25 16
25 33
25 9
25 14
25 10
25 39
25 28
3 35
3 40
3 22
3 42
3 13
3 19
3 39
3 21
3 2
3 32
3 41
3 28
3 34
3 16
3 36
3 7
3 33
3 38
3 9
3 0
3 14
3 29
35 41
35 4
35 43
35 29
35 22
35 30
35 13
35 8
35 16
35 14
35 6
35 34
35 26
35 27
35 9
35 17
35 28
35 18
35 11
35 39
35 12
35 2
30 41
30 15
30 17
30 24
30 42
30 0
30 33
30 11
30 40
30 7
30 14
30 18
30 39
30 37
30 23
30 44
30 32
30 6
30 43
30 38
30 8
41 28
41 33
41 6
41 36
41 34
41 43
41 44
41 18
41 39
41 26
41 4
41 40
41 16
41 38
41 42
41 22
41 7
41 15
41 21
4 36
4 17
4 7
4 19
4 32
4 1
4 29
4 0
4 37
4 44
4 43
4 2
4 18
4 15
4 28
4 27
4 40
4 23
36 0
36 37
36 44
36 43
36 39
36 6
36 23
36 40
36 33
36 11
36 21
36 7
36 13
36 9
36 17
36 24
36 8
36 1
28 1
28 32
28 24
28 44
28 43
28 11
28 26
28 37
28 40
28 39
28 12
28 27
28 42
28 14
28 33
28 19
28 10
17 0
17 43
17 44
17 37
17 14
17 10
17 23
17 27
17 16
17 21
17 18
17 42
17 13
17 2
17 29
17 33
17 15
17 11
29 44
29 37
29 12
29 9
29 42
29 14
29 15
29 40
29 33
29 8
29 21
29 10
29 6
29 11
29 7
29 13
29 22
29 2
29 32
29 23
44 7
44 37
44 13
44 12
44 21
44 38
44 24
44 18
44 22
44 39
44 10
44 23
44 27
44 33
44 14
44 11
18 19
18 8
18 22
18 6
18 43
18 34
18 7
18 10
18 42
18 15
18 11
18 26
18 33
18 16
19 9
19 14
19 10
19 15
19 11
19 32
19 0
19 12
19 34
19 22
19 24
19 16
19 1
19 13
19 38
19 8
19 6
19 23
33 24
33 1
33 8
33 38
33 22
33 42
33 13
33 14
33 27
33 6
33 12
33 39
33 43
33 10
13 32
13 37
13 1
13 42
13 12
13 9
13 21
13 14
13 2
13 10
13 34
13 22
13 15
13 7
13 27
32 6
32 12
32 27
32 11
32 26
32 39
32 10
32 34
32 2
32 8
32 1
32 22
32 21
32 7
32 14
14 24
14 23
14 21
14 40
14 7
14 16
14 27
14 39
14 34
14 37
38 40
38 8
38 16
38 2
38 6
38 37
38 39
38 23
38 9
38 34
38 11
38 1
38 26
38 42
38 10
38 12
40 1
40 9
40 42
40 24
40 0
40 6
40 34
40 15
40 12
40 21
40 43
40 2
15 39
15 26
15 22
15 12
15 2
15 16
15 0
15 42
15 21
15 8
15 23
11 22
11 43
11 21
11 7
11 23
11 12
11 1
11 2
11 9
11 37
22 21
22 16
22 8
22 27
22 1
22 43
22 2
22 26
22 0
22 24
0 9
0 7
0 21
0 23
0 8
0 6
0 10
0 1
0 39
0 12
0 34
0 26
1 21
1 39
1 16
1 10
1 37
1 8
1 34
1 26
1 12
1 23
2 27
2 12
2 7
2 16
2 10
2 23
2 43
2 8
2 26
2 24
2 39
27 39
27 43
27 6
27 7
27 23
27 24
27 12
27 21
27 37
27 16
27 26
39 9
39 7
39 43
39 24
39 8
39 37
39 21
6 23
6 7
6 16
6 42
6 9
6 26
6 24
6 10
6 43
23 42
23 7
23 10
23 37
23 34
23 16
23 24
23 12
8 9
8 42
8 24
8 26
8 34
8 10
8 16
34 26
34 10
34 12
34 9
34 37
34 24
34 21
37 42
37 24
37 16
37 26
37 10
37 43
9 26
9 43
9 24
9 10
9 21
9 42
16 42
16 24
16 21
7 12
7 42
7 26
7 10
21 26
12 10
12 43
12 24
24 42
24 43
43 42
43 26
43 10
42 26


46 552
5 31
5 43
5 10
5 32
5 41
5 2
5 27
5 23
5 16
5 11
5 30
5 3
5 7
5 42
5 9
5 19
5 28
5 38
5 14
5 40
5 1
5 26
5 45
5 12
31 44
31 18
31 27
31 23
31 3
31 16
31 12
31 1
31 30
31 36
31 45
31 28
31 38
31 8
31 13
31 32
31 37
31 24
31 20
31 34
31 0
31 43
31 29
20 25
20 21
20 28
20 16
20 34
20 23
20 30
20 18
20 37
20 44
20 10
20 24
20 26
20 33
20 6
20 1
20 40
20 22
20 29
20 35
20 42
20 7
20 45
25 7
25 8
25 1
25 34
25 43
25 23
25 44
25 0
25 41
25 17
25 15
25 35
25 36
25 45
25 4
25 33
25 42
25 14
25 10
25 27
25 39
25 19
25 28
3 35
3 40
3 17
3 22
3 4
3 42
3 39
3 44
3 21
3 26
3 41
3 8
3 23
3 28
3 43
3 16
3 7
3 45
3 27
3 38
3 14
3 29
35 41
35 29
35 24
35 22
35 30
35 13
35 8
35 45
35 16
35 38
35 15
35 0
35 40
35 9
35 17
35 28
35 10
35 18
35 39
35 12
35 1
30 41
30 15
30 26
30 24
30 13
30 0
30 45
30 40
30 7
30 14
30 39
30 34
30 12
30 27
30 10
30 21
30 1
30 28
30 38
30 4
41 28
41 33
41 6
41 36
41 11
41 43
41 44
41 19
41 32
41 26
41 4
41 23
41 10
41 45
41 24
41 29
41 13
41 15
41 21
4 36
4 42
4 11
4 7
4 14
4 19
4 26
4 8
4 34
4 0
4 37
4 6
4 44
4 13
4 43
4 2
4 15
4 21
4 33
4 40
36 18
36 0
36 22
36 37
36 44
36 39
36 19
36 27
36 40
36 21
36 32
36 29
36 7
36 38
36 13
36 28
36 9
36 34
36 17
36 8
28 32
28 44
28 43
28 34
28 11
28 26
28 37
28 29
28 12
28 14
28 18
28 45
28 9
28 19
28 15
7 22
7 37
7 34
7 27
7 0
7 18
7 40
7 11
7 23
7 45
7 12
7 1
7 26
7 8
7 38
7 13
7 43
44 29
44 13
44 17
44 12
44 40
44 38
44 1
44 9
44 24
44 18
44 22
44 23
44 6
44 27
44 33
44 14
29 37
29 16
29 42
29 14
29 19
29 8
29 45
29 1
29 10
29 6
29 43
29 24
29 34
29 13
29 39
29 32
18 19
18 45
18 8
18 2
18 22
18 6
18 1
18 27
18 39
18 17
18 37
18 9
18 15
18 11
18 40
18 26
18 33
19 9
19 14
19 10
19 11
19 32
19 12
19 34
19 43
19 22
19 24
19 16
19 33
19 1
19 37
19 42
19 17
33 34
33 24
33 1
33 23
33 15
33 21
33 13
33 14
33 27
33 40
33 6
33 11
33 26
33 43
33 9
33 17
33 10
23 26
23 40
23 17
23 22
23 9
23 27
23 0
23 38
23 21
23 32
23 37
23 24
23 12
23 8
23 39
26 11
26 14
26 45
26 21
26 32
26 16
26 39
26 37
26 6
26 42
26 22
26 27
26 0
13 32
13 37
13 12
13 16
13 14
13 0
13 38
13 2
13 24
13 17
13 6
13 11
13 39
13 27
32 6
32 27
32 11
32 10
32 34
32 9
32 17
32 2
32 8
32 16
32 1
32 0
32 38
32 22
45 0
45 2
45 37
45 14
45 17
45 34
45 12
45 9
45 40
45 16
45 24
15 34
15 1
15 43
15 24
15 22
15 12
15 40
15 2
15 16
15 10
15 0
15 6
15 21
15 8
15 17
15 37
11 22
11 39
11 43
11 21
11 34
11 8
11 12
11 14
11 42
11 2
11 9
11 37
11 17
22 42
22 40
22 16
22 8
22 1
22 43
22 2
22 0
22 9
22 38
22 24
2 27
2 12
2 38
2 10
2 43
2 0
2 8
2 34
2 6
2 39
2 42
2 14
2 40
2 1
2 9
27 6
27 8
27 17
27 24
27 12
27 21
27 38
27 42
27 10
34 10
34 9
34 42
34 40
34 1
34 24
34 16
34 14
0 40
0 42
0 21
0 8
0 37
0 6
0 10
0 39
0 12
40 9
40 42
40 24
40 6
40 21
40 16
21 37
21 1
21 6
21 42
21 17
21 38
21 9
21 14
21 8
21 39
37 9
37 1
37 8
37 16
37 10
37 39
37 14
8 38
8 9
8 17
8 24
8 39
38 16
38 6
38 39
38 43
38 17
38 42
38 10
38 12
42 39
42 43
42 14
42 12
42 17
42 10
42 9
16 24
16 6
16 1
16 17
16 12
16 39
16 43
6 12
6 1
6 9
6 24
6 39
6 43
10 14
10 17
10 1
10 43
10 39
10 9
14 17
14 24
14 1
14 39
39 24
39 12
9 17
9 43
1 12
43 17
43 12
43 24
12 24


47 564
3 35
3 40
3 22
3 37
3 42
3 19
3 39
3 6
3 15
3 1
3 21
3 2
3 26
3 32
3 41
3 10
3 25
3 45
3 12
3 18
3 27
3 38
3 9
3 29
35 4
35 46
35 21
35 29
35 24
35 30
35 31
35 36
35 45
35 16
35 14
35 38
35 15
35 33
35 0
35 7
35 40
35 19
35 27
35 28
35 11
35 39
35 44
27 46
27 2
27 39
27 20
27 7
27 8
27 45
27 17
27 22
27 18
27 23
27 36
27 24
27 11
27 0
27 38
27 30
27 42
27 10
27 44
27 4
27 29
46 34
46 17
46 21
46 25
46 32
46 38
46 1
46 7
46 9
46 28
46 22
46 40
46 26
46 10
46 0
46 8
46 45
46 33
46 39
46 43
46 23
46 41
6 28
6 23
6 41
6 32
6 18
6 21
6 12
6 38
6 11
6 45
6 31
6 9
6 26
6 4
6 20
6 24
6 19
6 10
6 39
6 30
6 43
6 34
6 37
28 21
28 24
28 44
28 0
28 43
28 22
28 37
28 39
28 16
28 12
28 42
28 18
28 45
28 5
28 8
28 4
28 19
28 15
28 38
28 30
28 25
21 26
21 44
21 31
21 11
21 7
21 42
21 29
21 38
21 9
21 5
21 14
21 16
21 25
21 8
21 43
21 30
21 18
21 32
21 41
31 44
31 18
31 25
31 1
31 30
31 10
31 19
31 15
31 42
31 38
31 4
31 26
31 22
31 32
31 2
31 41
31 24
31 20
31 7
31 43
31 9
44 29
44 7
44 13
44 15
44 40
44 20
44 1
44 9
44 24
44 18
44 0
44 22
44 5
44 45
44 26
44 39
44 33
44 14
44 11
29 37
29 12
29 5
29 19
29 15
29 40
29 8
29 25
29 4
29 45
29 10
29 43
29 11
29 20
29 7
29 34
29 17
29 22
29 39
18 19
18 36
18 8
18 2
18 43
18 13
18 34
18 7
18 30
18 10
18 17
18 25
18 12
18 9
18 11
18 38
18 16
19 9
19 14
19 32
19 12
19 34
19 43
19 22
19 36
19 45
19 33
19 1
19 38
19 26
19 40
19 23
19 25
19 17
23 26
23 33
23 20
23 42
23 17
23 25
23 13
23 5
23 36
23 14
23 11
23 7
23 43
23 10
23 16
23 34
23 24
23 1
23 8
23 4
26 30
26 14
26 10
26 9
26 4
26 43
26 15
26 41
26 25
26 42
26 22
26 40
26 5
26 17
26 36
26 0
34 5
34 33
34 41
34 7
34 10
34 25
34 9
34 42
34 17
34 32
34 40
34 38
34 24
34 22
34 45
34 14
34 43
34 0
17 12
17 37
17 14
17 41
17 16
17 8
17 25
17 45
17 38
17 42
17 1
17 13
17 5
17 22
17 33
17 11
13 32
13 20
13 37
13 25
13 1
13 16
13 9
13 40
13 33
13 14
13 38
13 8
13 43
13 36
13 24
13 10
13 41
13 22
13 11
13 7
32 20
32 37
32 4
32 39
32 43
32 9
32 2
32 8
32 16
32 36
32 1
32 0
32 38
32 30
32 15
32 33
38 40
38 8
38 16
38 2
38 14
38 0
38 39
38 45
38 22
38 12
40 9
40 42
40 0
40 8
40 30
40 36
40 12
40 33
40 11
40 20
40 5
40 39
40 2
40 25
39 45
39 9
39 42
39 15
39 5
39 1
39 7
39 41
39 43
39 12
39 16
39 37
39 14
45 2
45 10
45 30
45 11
45 14
45 15
45 16
45 20
45 5
45 42
45 24
12 4
12 2
12 41
12 20
12 10
12 43
12 25
12 16
12 11
12 15
12 7
12 33
12 24
12 5
20 9
20 5
20 8
20 4
20 15
20 30
20 10
20 24
20 33
20 22
20 0
20 42
20 2
2 33
2 25
2 16
2 10
2 36
2 43
2 0
2 8
2 15
2 24
2 4
2 42
2 11
2 14
14 43
14 0
14 41
14 36
14 30
14 11
14 16
14 9
14 15
14 22
14 25
43 41
43 36
43 4
43 24
43 30
43 8
43 7
4 24
4 7
4 22
4 1
4 41
4 10
4 37
4 25
4 15
4 33
4 9
8 5
8 9
8 37
8 11
8 0
8 41
8 15
8 36
8 16
7 22
7 9
7 0
7 33
7 42
7 24
7 5
7 36
7 1
22 42
22 30
22 16
22 25
22 41
22 0
22 5
42 16
42 37
42 24
42 33
42 36
42 15
42 11
42 1
5 15
5 41
5 37
5 16
5 30
5 33
5 1
5 36
37 25
37 36
37 9
37 1
37 16
37 10
37 0
37 30
37 41
37 33
37 11
37 15
9 15
9 24
9 41
9 1
33 24
33 1
33 15
33 30
33 36
33 10
16 41
16 30
16 10
16 25
16 36
41 36
41 1
41 10
41 0
36 10
36 30
36 11
36 24
10 24
10 0
10 30
11 15
11 0
11 25
11 30
11 1
15 1
15 24
0 30
0 25
0 1
0 24
1 25
1 24
1 30


48 624
5 31
5 4
5 34
5 0
5 10
5 39
5 32
5 41
5 2
5 18
5 27
5 13
5 23
5 16
5 7
5 33
5 19
5 38
5 47
5 40
5 1
5 17
5 26
5 36
5 45
5 12
31 44
31 18
31 27
31 33
31 3
31 46
31 12
31 40
31 30
31 36
31 19
31 6
31 45
31 38
31 8
31 17
31 13
31 22
31 32
31 37
31 11
31 7
31 29
31 39
31 9
20 25
20 13
20 32
20 47
20 9
20 28
20 12
20 8
20 41
20 15
20 37
20 24
20 39
20 46
20 26
20 33
20 1
20 40
20 22
20 29
20 36
20 0
20 38
20 7
20 2
20 3
25 7
25 8
25 37
25 1
25 13
25 2
25 34
25 23
25 44
25 24
25 0
25 12
25 41
25 17
25 26
25 22
25 47
25 35
25 36
25 4
25 16
25 30
25 14
25 10
25 27
3 35
3 11
3 22
3 37
3 42
3 24
3 44
3 15
3 2
3 26
3 32
3 46
3 23
3 34
3 10
3 16
3 30
3 7
3 12
3 18
3 27
3 38
3 47
3 14
35 4
35 32
35 46
35 43
35 21
35 29
35 24
35 30
35 23
35 36
35 45
35 16
35 14
35 38
35 33
35 0
35 6
35 26
35 37
35 9
35 28
35 44
35 1
35 2
27 46
27 39
27 19
27 43
27 6
27 32
27 34
27 17
27 18
27 23
27 36
27 28
27 40
27 12
27 33
27 21
27 9
27 30
27 14
27 16
27 41
27 26
46 17
46 44
46 32
46 7
46 42
46 18
46 15
46 12
46 40
46 2
46 24
46 30
46 0
46 8
46 45
46 33
46 39
46 29
46 47
46 13
46 41
6 28
6 41
6 14
6 47
6 1
6 7
6 16
6 45
6 36
6 40
6 9
6 2
6 26
6 29
6 4
6 33
6 19
6 10
6 13
6 43
6 8
6 34
6 37
28 41
28 1
28 24
28 44
28 43
28 11
28 2
28 29
28 17
28 40
28 23
28 42
28 14
28 33
28 18
28 45
28 9
28 8
28 4
28 19
28 47
28 15
30 41
30 26
30 22
30 2
30 47
30 24
30 13
30 42
30 11
30 40
30 18
30 39
30 34
30 37
30 10
30 43
30 1
30 38
30 8
30 19
41 36
41 34
41 11
41 44
41 32
41 17
41 1
41 2
41 23
41 45
41 16
41 42
41 0
41 29
41 8
41 22
41 37
41 21
7 22
7 44
7 15
7 4
7 9
7 39
7 0
7 21
7 18
7 33
7 45
7 42
7 47
7 14
7 36
7 8
7 13
7 43
7 10
44 32
44 19
44 34
44 17
44 15
44 40
44 16
44 38
44 1
44 24
44 0
44 8
44 22
44 4
44 10
44 43
44 23
44 11
32 19
32 37
32 11
32 26
32 39
32 10
32 18
32 17
32 24
32 8
32 16
32 47
32 22
32 42
32 15
32 21
32 29
18 19
18 45
18 2
18 22
18 1
18 39
18 14
18 42
18 12
18 9
18 23
18 15
18 11
18 40
18 21
18 47
18 38
19 9
19 15
19 11
19 12
19 4
19 43
19 36
19 16
19 13
19 38
19 8
19 2
19 47
19 21
19 40
19 23
19 42
23 26
23 40
23 33
23 42
23 2
23 9
23 0
23 38
23 21
23 37
23 34
23 16
23 12
23 8
23 4
23 29
26 34
26 14
26 10
26 45
26 21
26 4
26 15
26 16
26 39
26 37
26 1
26 13
26 8
26 22
26 17
26 36
16 47
16 29
16 24
16 22
16 1
16 13
16 17
16 12
16 37
16 4
16 11
16 43
16 34
16 45
47 2
47 24
47 33
47 39
47 0
47 43
47 29
47 14
47 17
47 1
47 36
47 22
47 40
17 0
17 24
17 4
17 43
17 37
17 9
17 34
17 45
17 38
17 42
17 13
17 2
17 29
17 11
45 0
45 22
45 10
45 33
45 11
45 29
45 13
45 15
45 36
45 34
45 12
45 9
45 40
45 24
0 14
0 38
0 21
0 11
0 2
0 4
0 8
0 15
0 37
0 29
0 10
0 1
0 12
0 34
1 40
1 33
1 39
1 43
1 22
1 14
1 24
1 12
1 38
1 42
1 9
1 36
13 37
13 42
13 12
13 9
13 40
13 33
13 4
13 43
13 10
13 29
13 34
13 22
13 15
15 34
15 43
15 39
15 9
15 29
15 33
15 12
15 10
15 42
15 21
15 38
15 8
15 14
34 33
34 9
34 2
34 4
34 38
34 24
34 22
34 21
34 29
34 14
4 42
4 11
4 22
4 29
4 10
4 37
4 2
4 39
4 21
4 33
4 9
39 9
39 42
39 11
39 38
39 10
39 43
39 22
39 12
39 8
39 37
39 33
39 21
40 9
40 42
40 8
40 29
40 36
40 12
40 21
40 33
40 43
40 2
2 38
2 10
2 36
2 43
2 21
2 42
2 14
22 21
22 12
22 33
22 14
22 9
22 38
22 24
9 37
9 43
9 24
9 36
9 14
9 11
33 8
33 21
33 29
33 43
33 37
33 10
36 10
36 37
36 14
36 11
36 42
36 38
36 24
36 12
36 8
10 14
10 24
10 43
10 37
10 42
10 8
10 11
10 21
11 43
11 21
11 12
11 14
11 29
11 38
11 42
11 24
14 38
14 29
14 8
14 24
14 42
14 21
42 29
42 37
42 24
42 12
43 12
43 38
43 29
43 21
43 8
38 37
38 21
38 24
38 12
29 8
29 21
24 21
24 37
24 8
8 37
37 12
12 21


49 637
26 47
26 23
26 30
26 34
26 14
26 4
26 15
26 16
26 39
26 2
26 48
26 37
26 6
26 1
26 13
26 44
26 20
26 19
26 35
26 42
26 22
26 40
26 5
26 17
26 24
26 36
47 16
47 20
47 24
47 33
47 0
47 29
47 37
47 17
47 35
47 11
47 34
47 1
47 7
47 19
47 48
47 9
47 44
47 32
47 38
47 15
47 42
47 18
47 46
47 12
47 40
20 25
20 17
20 32
20 5
20 16
20 41
20 4
20 19
20 23
20 15
20 30
20 37
20 43
20 24
20 33
20 1
20 40
20 22
20 36
20 35
20 11
20 7
20 45
20 3
25 7
25 8
25 37
25 13
25 34
25 43
25 6
25 24
25 11
25 32
25 41
25 5
25 17
25 18
25 3
25 36
25 4
25 21
25 33
25 9
25 30
25 10
25 27
25 39
25 40
3 35
3 11
3 22
3 31
3 42
3 13
3 6
3 32
3 8
3 46
3 23
3 28
3 5
3 43
3 16
3 30
3 36
3 7
3 45
3 12
3 18
3 27
3 38
3 29
35 41
35 4
35 32
35 21
35 29
35 24
35 22
35 30
35 23
35 36
35 45
35 14
35 38
35 15
35 9
35 48
35 28
35 10
35 18
35 11
35 39
35 1
27 46
27 2
27 39
27 43
27 7
27 8
27 48
27 18
27 23
27 36
27 28
27 40
27 0
27 12
27 33
27 21
27 38
27 9
27 42
27 14
27 10
27 44
27 16
27 41
46 34
46 44
46 31
46 38
46 7
46 19
46 9
46 28
46 15
46 5
46 40
46 30
46 0
46 6
46 8
46 45
46 33
46 48
46 4
46 37
46 23
46 13
46 41
30 41
30 15
30 22
30 13
30 42
30 31
30 33
30 11
30 18
30 29
30 39
30 5
30 34
30 12
30 23
30 6
30 21
30 43
30 1
30 19
41 28
41 33
41 6
41 34
41 43
41 12
41 44
41 14
41 19
41 32
41 17
41 1
41 4
41 2
41 45
41 16
41 24
41 31
41 37
41 48
4 36
4 42
4 17
4 24
4 38
4 45
4 19
4 32
4 8
4 29
4 34
4 0
4 10
4 16
4 37
4 6
4 43
4 18
4 28
4 33
36 10
36 18
36 0
36 37
36 44
36 14
36 23
36 19
36 40
36 11
36 21
36 29
36 42
36 38
36 13
36 28
36 34
36 24
36 16
28 43
28 11
28 22
28 7
28 2
28 37
28 29
28 17
28 13
28 40
28 39
28 12
28 31
28 14
28 45
28 9
28 5
28 15
28 38
17 0
17 24
17 44
17 37
17 14
17 23
17 18
17 45
17 7
17 38
17 31
17 13
17 2
17 29
17 5
17 40
17 6
17 33
17 15
32 44
32 13
32 5
32 18
32 43
32 9
32 24
32 2
32 48
32 45
32 23
32 31
32 0
32 22
32 42
32 15
32 33
32 7
32 14
44 31
44 7
44 37
44 19
44 12
44 21
44 40
44 16
44 1
44 9
44 42
44 8
44 5
44 39
44 2
44 43
44 23
44 11
31 18
31 33
31 23
31 16
31 12
31 21
31 40
31 19
31 15
31 13
31 22
31 2
31 24
31 7
31 34
31 43
31 29
31 9
7 22
7 37
7 2
7 39
7 0
7 6
7 21
7 18
7 11
7 23
7 12
7 14
7 29
7 8
7 10
33 34
33 24
33 1
33 2
33 8
33 22
33 48
33 42
33 13
33 14
33 12
33 39
33 43
33 9
33 10
16 38
16 2
16 22
16 6
16 1
16 48
16 0
16 12
16 15
16 11
16 39
16 14
16 10
16 9
16 8
16 40
23 6
23 45
23 42
23 9
23 5
23 21
23 19
23 37
23 24
23 12
23 1
23 8
23 29
34 39
34 12
34 9
34 42
34 37
34 40
34 1
34 38
34 24
34 22
34 8
34 45
34 14
34 13
34 43
34 0
13 42
13 9
13 5
13 14
13 19
13 8
13 2
13 43
13 10
13 6
13 22
13 11
13 15
13 39
11 48
11 22
11 15
11 19
11 43
11 21
11 45
11 8
11 40
11 29
11 18
11 1
11 10
11 37
48 22
48 10
48 21
48 29
48 8
48 19
48 38
48 37
48 45
48 24
48 43
48 6
48 42
48 1
48 5
48 0
18 45
18 8
18 2
18 6
18 43
18 5
18 39
18 14
18 42
18 0
18 12
18 9
18 38
45 8
45 43
45 2
45 10
45 29
45 19
45 21
45 12
45 9
45 40
45 42
45 24
38 40
38 0
38 39
38 43
38 21
38 29
38 9
38 5
38 1
38 42
38 10
38 24
38 22
40 42
40 24
40 0
40 22
40 29
40 37
40 12
40 21
40 14
40 10
15 1
15 43
15 19
15 39
15 9
15 5
15 29
15 10
15 0
15 21
15 8
15 14
15 37
22 42
22 10
22 21
22 8
22 19
22 37
22 14
22 0
22 5
0 14
0 5
0 9
0 42
0 21
0 6
0 29
0 1
0 24
0 12
2 12
2 5
2 43
2 8
2 24
2 19
2 39
2 37
2 29
2 14
2 1
2 9
5 24
5 43
5 10
5 39
5 6
5 42
5 12
24 37
24 9
24 39
24 19
24 1
39 1
39 10
39 43
39 12
39 37
39 14
39 6
39 21
6 14
6 12
6 1
6 42
6 9
6 29
6 10
6 43
6 8
21 37
21 1
21 9
21 14
21 19
21 8
21 43
21 10
37 12
37 8
37 19
42 29
42 12
42 10
42 9
10 14
10 19
10 12
10 1
10 29
8 12
8 29
8 1
8 19
12 19
14 19
14 29
14 1
9 19
9 29
1 43
1 29


50 650
20 25
20 32
20 21
20 28
20 16
20 27
20 34
20 41
20 19
20 15
20 48
20 30
20 37
20 43
20 24
20 39
20 46
20 1
20 22
20 0
20 35
20 31
20 11
20 38
20 2
20 14
25 7
25 49
25 2
25 34
25 31
25 6
25 23
25 44
25 11
25 32
25 0
25 12
25 41
25 26
25 38
25 48
25 35
25 4
25 21
25 16
25 33
25 30
25 10
25 19
25 28
3 35
3 40
3 17
3 48
3 19
3 24
3 39
3 6
3 44
3 15
3 1
3 21
3 32
3 8
3 23
3 28
3 34
3 43
3 49
3 10
3 30
3 45
3 12
3 18
3 27
3 9
35 41
35 43
35 49
35 21
35 29
35 22
35 30
35 23
35 36
35 45
35 5
35 33
35 6
35 40
35 37
35 19
35 27
35 17
35 48
35 28
35 10
35 18
35 11
27 46
27 2
27 31
27 43
27 32
27 8
27 45
27 5
27 34
27 47
27 23
27 24
27 28
27 12
27 38
27 30
27 14
27 10
27 15
27 49
27 29
27 26
27 1
46 34
46 17
46 11
46 32
46 31
46 19
46 42
46 28
46 36
46 49
46 22
46 5
46 40
46 16
46 2
46 10
46 24
46 39
46 14
46 29
46 47
46 37
46 23
46 41
21 28
21 6
21 44
21 11
21 7
21 0
21 33
21 29
21 17
21 38
21 9
21 40
21 5
21 19
21 23
21 15
21 16
21 8
21 43
21 4
21 30
21 32
28 1
28 24
28 44
28 34
28 26
28 48
28 7
28 29
28 39
28 23
28 42
28 18
28 45
28 9
28 5
28 4
28 19
28 47
28 15
4 36
4 12
4 17
4 38
4 45
4 32
4 47
4 8
4 22
4 1
4 29
4 10
4 16
4 31
4 37
4 44
4 13
4 18
4 39
4 33
4 40
4 9
4 23
36 10
36 22
36 30
36 43
36 2
36 14
36 6
36 31
36 19
36 33
36 32
36 29
36 42
36 48
36 13
36 45
36 9
36 17
36 24
36 5
36 47
36 1
36 26
30 41
30 2
30 49
30 17
30 13
30 45
30 31
30 40
30 7
30 18
30 39
30 5
30 12
30 37
30 32
30 10
30 43
30 38
30 8
41 6
41 34
41 11
41 12
41 17
41 18
41 39
41 47
41 1
41 23
41 40
41 10
41 45
41 16
41 38
41 24
41 29
41 8
41 22
41 37
41 15
7 44
7 15
7 37
7 34
7 16
7 39
7 40
7 33
7 45
7 12
7 42
7 24
7 47
7 14
7 1
7 26
7 48
7 19
7 8
7 31
7 13
7 10
32 44
32 13
32 6
32 12
32 19
32 5
32 26
32 39
32 18
32 24
32 2
32 1
32 23
32 40
32 31
32 47
32 0
44 19
44 13
44 34
44 17
44 15
44 49
44 1
44 42
44 18
44 0
44 5
44 45
44 26
44 39
44 2
44 47
44 6
44 14
44 11
23 26
23 40
23 31
23 2
23 49
23 47
23 9
23 11
23 0
23 38
23 18
23 19
23 15
23 34
23 8
23 39
26 11
26 34
26 45
26 9
26 43
26 2
26 48
26 6
26 13
26 31
26 38
26 22
26 18
26 29
26 40
26 5
26 24
26 12
34 33
34 18
34 12
34 9
34 42
34 17
34 37
34 47
34 24
34 22
34 45
34 14
34 31
34 49
34 6
17 39
17 43
17 37
17 48
17 10
17 16
17 45
17 31
17 49
17 42
17 13
17 22
17 33
17 19
17 15
17 11
13 18
13 49
13 1
13 42
13 9
13 47
13 5
13 40
13 33
13 14
13 45
13 38
13 19
13 8
13 2
13 48
13 11
13 39
11 48
11 43
11 0
11 6
11 45
11 47
11 5
11 40
11 33
11 29
11 18
11 1
11 42
11 9
11 10
48 15
48 29
48 9
48 39
48 8
48 16
48 19
48 38
48 31
48 49
48 37
48 24
48 43
48 42
48 1
1 15
1 33
1 39
1 6
1 31
1 49
1 16
1 10
1 22
1 8
1 45
1 5
1 42
2 45
2 16
2 10
2 5
2 49
2 43
2 0
2 8
2 15
2 6
2 31
2 42
2 29
2 14
2 9
14 43
14 10
14 0
14 6
14 19
14 38
14 8
14 24
14 47
14 45
14 33
14 40
14 16
14 9
14 5
14 22
14 37
43 45
43 42
43 49
43 12
43 9
43 10
43 29
43 37
43 40
43 33
43 0
43 6
43 8
49 24
49 5
49 42
49 15
49 9
49 10
49 19
49 33
49 8
49 16
49 38
0 45
0 5
0 40
0 19
0 9
0 38
0 42
0 33
0 16
0 18
0 15
0 37
0 6
0 29
0 10
0 24
45 31
45 29
45 19
45 12
45 38
45 24
40 24
40 8
40 22
40 31
40 29
40 37
40 15
40 19
40 39
40 47
8 38
8 12
8 33
8 42
8 22
8 29
8 37
8 39
8 15
8 10
38 16
38 39
38 29
38 19
38 9
38 5
38 47
38 42
38 18
38 22
33 31
33 47
33 29
33 22
33 42
33 5
33 6
33 39
33 9
33 37
16 29
16 24
16 31
16 22
16 6
16 5
16 12
16 37
16 19
16 39
16 18
6 18
6 5
6 12
6 42
6 22
6 9
6 10
6 37
10 12
10 22
10 9
10 18
10 15
10 42
12 29
12 31
12 22
12 37
12 15
12 39
12 18
12 24
12 9
12 5
39 42
39 15
39 47
39 24
39 37
42 37
42 24
42 18
42 15
42 47
15 9
15 5
15 22
15 18
15 47
19 29
19 24
19 5
19 37
29 9
29 47
29 24
29 22
37 47
37 18
37 22
37 31
18 31
18 22
18 9
18 24
31 47
31 22
31 9
24 47
24 22
5 47
5 22
9 47


